-0.0389497858449443 -0.1409606710178151 -0.9892487065489852
0.4044895890728911 -0.0134038270586804 -0.9144443721472754
0.3500055434754067 0.4086696103603468 -0.8429028823680743
0.0516372620185541 0.1868764356138278 -0.9810253773391890
-0.3539819536421628 0.1961901297402652 -0.9144431144079853
-0.4247912218101058 -0.1981772819586598 -0.8833335625846872
-0.5612694628423045 -0.5818031504829729 -0.5886269482183076
-0.1424374846619153 -0.5154562625189604 -0.8449949138268059
0.1828940049130879 -0.7874481669545179 -0.5886214125622862
0.2627661804653189 -0.3881769184964721 -0.8833304106336716
0.6769307762192415 -0.3494756712392262 -0.6477896876449234
0.7421117665213673 0.2473541886551298 -0.6229655137688587
0.2217155499367655 0.8023210371292906 -0.5541869434550197
-0.0905108490341805 0.5304035691613489 -0.8428996618981491
-0.5098113668444058 0.5933076932065028 -0.6229593497317599
-0.7603229553972409 0.0476874463167891 -0.6477923362928806
-0.7421347335695796 -0.2473008002643612 0.6229593497317586
-0.3500408857305790 -0.4086459816135948 0.8428996618981487
-0.2217640683242327 -0.8023076278487381 0.5541869434550186
0.5097642431021723 -0.5933417102388558 0.6229655137688596
0.7603215823982330 -0.0477452816552747 0.6477896876449218
0.5613114948551277 0.5817681999015427 0.5886214125622857
0.1424781004200588 0.5154450373294093 0.8449949138268085
-0.1828399903050339 0.7874565726289002 0.5886269482183097
-0.2627332697886094 0.3881920222745823 0.8833335625846874
-0.6769022544220965 0.3495260033223517 0.6477923362928792
-0.4044914602139653 0.0134331353673910 0.9144431144079852
-0.0516572476108904 -0.1868709120911275 0.9810253773391886
0.0904683887876870 -0.5304056952237161 0.8429028823680735
0.3539652974947470 -0.1962143175653348 0.9144443721472756
0.4248117054351974 0.1981474213180448 0.8833304106336701
0.0389651190387246 0.1409564333028359 0.9892487065489857
