-0.0962353449729201 0.0386923417450631 -0.9946062844503982
0.3378810461057267 -0.1526056085803812 -0.9287345836741040
0.2048070951958852 0.0912443278247003 -0.9745401615106697
0.0262668838301123 0.2898252165033753 -0.9567190782526640
-0.2505476530956329 0.2962550314097520 -0.9216609083023306
-0.3768782976080507 0.0385495746159914 -0.9254602525711105
-0.2616060210219622 -0.2142696968079392 -0.9410902118260982
-0.1000996617162427 -0.4225033606936516 -0.9008168337275142
0.0556698873194217 -0.1830243773358581 -0.9815309169591472
0.4657605669442806 -0.4128534548431194 -0.7826998908290730
0.6129580469429226 -0.1100275901384365 -0.7824170001324398
0.4784804626549997 0.1673298897754538 -0.8620076303868731
0.2735562076038322 0.4180708271213780 -0.8662469536982257
-0.0364833377658247 0.5546809958906924 -0.8312628698932574
-0.3889931913132665 0.5145392163839795 -0.7641555417026568
-0.5736620812914582 0.2208305911700254 -0.7887621102029745
-0.5574021484768790 -0.1892676744111642 -0.8083814645922733
-0.3840167187365668 -0.5120993835358651 -0.7683003196101036
-0.0481118032549204 -0.6865573216715158 -0.7254821144913184
0.1854211594877303 -0.4484324016670649 -0.8743725606109410
0.7487577685266028 -0.4044764202897070 -0.5251291550663385
0.8007404112666676 0.1417635811474216 -0.5819947429528435
0.5650966892273684 0.4748161660018960 -0.6746964801505392
0.2440972455425798 0.7365827000800742 -0.6307633951500934
-0.2046976644252978 0.7867769864663297 -0.5823064826582210
-0.7032902391161728 0.5282169850097492 -0.4757832030569456
-0.8033276822302120 0.0118132560968513 -0.5954200886290499
-0.7050038472093070 -0.4664555424276942 -0.5342179352647770
-0.2937528570874095 -0.8685512081010331 -0.3991591886193024
0.3206922054673626 -0.7254897108497643 -0.6089508919474576
0.4512466232952423 -0.8914463151370619 0.0412304765094457
0.9807900745010908 -0.1255541735870423 0.1492882421861136
0.6968659214024043 0.7075499442758988 -0.1172645041909558
-0.1293862121512140 0.9897671377928767 0.0601682727893832
-0.6280155965635734 0.6167548587489663 0.4745628037282754
-0.9923199282434105 -0.0553132736319501 0.1106417722702849
-0.6414532416362478 -0.6196548068809895 0.4522893532945839
-0.1756335390020420 -0.8030031325013516 0.5695075321456556
0.2710954637790586 -0.7349409495645132 0.6215859153581498
0.6343287075187767 -0.4558835653463955 0.6243374613657401
0.7358282264072680 -0.0556900396192924 0.6748743888380533
0.7244277986169705 0.3803421696612101 0.5749297335921785
0.2773718954797703 0.7714847760128212 0.5726046384534502
-0.1951208783097202 0.7177326805303759 0.6684217546925929
-0.4701605034020336 0.4002503689058993 0.7866058372726699
-0.7685588651045753 0.1667573545755319 0.6176643551024598
-0.6687913442970402 -0.2421387430242002 0.7029132001321488
-0.3750646857371092 -0.4935442606356101 0.7846913688238023
-0.0052606147259657 -0.5620977345604521 0.8270540869463814
0.3186931196701976 -0.4566806598542262 0.8305886288590674
0.4554729893823022 -0.1790250334266565 0.8720632966417826
0.5066568571058968 0.1425128136043101 0.8502875555399819
0.4267788499162835 0.4758113922968613 0.7690665330286168
0.0921973519179018 0.5383024636114065 0.8376933245342337
-0.1831520772315742 0.4252893398144048 0.8863319322048525
-0.2800130161133894 0.1403407641789160 0.9496826736951458
-0.5365515609832447 0.0677286206849885 0.8411452052687172
-0.3713343081037760 -0.1683168476226678 0.9131156938917749
-0.1401223610964676 -0.3261027493261924 0.9348918230483405
0.1398224050823434 -0.2634128376079773 0.9544963970703622
0.2243477222932307 0.0055517958511342 0.9744933437764811
0.2497304102336212 0.2842300590918383 0.9256608427027674
-0.0014940722820005 0.2158080889164731 0.9764346555229571
-0.0740522510779894 -0.0576839446324418 0.9955846657326155
