74 54 64
82 72 83
88 89 95
44 54 53
92 94 91
55 45 56
94 93 86
55 44 45
65 56 66
44 55 54
46 56 45
68 46 48
78 68 58
46 57 56
49 58 48
50 59 49
60 59 50
80 59 70
51 60 50
52 61 51
52 62 61
51 61 60
53 62 52
64 54 55
66 76 65
62 53 63
53 54 63
65 55 56
61 72 71
55 65 64
57 66 56
58 79 78
78 89 88
66 57 67
68 67 57
46 68 57
48 58 68
58 49 69
49 59 69
59 60 70
71 60 61
60 71 70
62 72 61
63 73 62
94 92 93
62 73 72
74 84 63
54 74 63
64 65 75
85 64 75
76 66 77
65 76 75
67 77 66
67 78 88
81 82 91
68 78 67
69 79 58
71 81 70
80 70 81
79 69 80
59 80 69
82 71 72
90 81 91
71 82 81
73 83 72
74 85 84
86 93 85
83 73 84
63 84 73
64 85 74
75 76 86
75 86 85
77 87 76
76 87 86
78 79 89
87 77 88
67 88 77
90 79 80
91 95 90
79 90 89
80 81 90
82 83 92
91 94 95
82 92 91
83 84 93
83 93 92
84 85 93
86 87 94
88 95 87
87 95 94
90 95 89
15 4 5
4 0 5
1 0 2
8 1 9
7 8 18
1 11 10
1 10 9
4 2 0
12 3 13
2 4 3
0 1 8
14 13 3
5 6 16
7 5 0
28 38 17
7 6 5
8 7 0
11 1 2
19 8 9
29 39 28
17 7 18
2 3 12
20 40 30
23 33 13
41 31 21
2 12 11
4 14 3
42 32 22
22 21 11
26 15 16
25 14 15
15 14 4
16 15 5
27 38 47
24 25 35
6 17 27
7 17 6
19 20 29
29 18 19
8 19 18
20 19 9
10 31 9
10 21 31
10 11 21
22 11 12
14 24 13
12 13 33
34 23 24
23 13 24
24 14 25
35 34 24
26 35 25
15 26 25
16 6 27
17 38 27
34 45 44
18 28 17
28 18 29
29 30 39
29 20 30
9 31 20
31 40 20
41 21 32
21 22 32
33 23 43
22 33 42
12 33 22
44 53 43
45 34 35
16 37 26
36 45 35
26 36 35
27 47 37
26 37 36
16 27 37
46 47 48
28 39 38
50 49 30
31 41 40
32 42 52
43 23 34
42 43 53
42 33 43
44 43 34
41 52 51
46 45 36
47 36 37
48 38 39
48 47 38
36 47 46
49 39 30
39 49 48
50 30 40
41 51 40
40 51 50
52 41 32
52 42 53
