84 73 83
52 72 62
83 63 84
72 83 82
72 52 83
72 82 92
101 122 132
113 102 93
63 83 52
93 83 73
74 73 84
144 133 123
82 93 102
121 111 101
81 92 111
72 92 81
83 93 82
94 74 95
73 94 103
74 94 73
112 101 92
111 100 91
112 82 102
103 93 73
104 114 94
103 113 93
104 94 95
155 156 159
104 95 105
122 101 112
92 101 111
82 112 92
112 102 133
125 104 115
124 134 113
103 114 124
94 114 103
105 115 104
153 154 152
142 121 132
111 121 100
113 123 102
124 125 135
123 134 144
113 103 124
125 114 104
123 113 134
114 125 124
136 115 126
100 121 131
121 101 132
122 133 143
154 153 143
112 133 122
102 123 133
124 135 134
125 136 135
115 136 125
147 146 136
131 142 141
121 142 131
144 143 133
153 152 142
143 132 122
135 145 134
136 146 135
145 144 134
135 146 145
141 142 152
155 159 154
153 142 132
132 143 153
154 143 144
144 145 154
155 145 146
145 155 154
156 146 147
146 156 155
151 152 159
154 159 152
0 8 7
9 10 20
8 0 1
0 7 6
1 2 9
39 40 29
7 17 16
9 8 1
10 9 2
10 11 21
17 7 18
10 2 11
7 16 6
7 8 18
8 9 19
37 26 27
30 40 20
28 38 17
19 18 8
20 19 9
21 31 41
61 30 51
21 42 31
31 42 62
17 27 16
27 17 38
16 27 26
28 17 18
39 29 49
49 59 28
28 18 39
51 41 31
41 30 20
41 51 30
32 42 21
38 59 48
38 48 27
28 39 49
18 19 39
40 39 19
20 40 19
50 40 30
20 10 41
21 41 10
61 70 50
48 58 37
48 37 27
28 59 38
60 29 50
59 68 48
29 60 49
40 50 29
62 42 52
51 31 62
52 42 53
69 49 60
69 59 49
30 61 50
58 48 68
81 70 71
71 61 51
62 71 51
61 71 70
60 80 69
79 68 69
59 69 68
60 70 80
70 60 50
71 72 81
62 72 71
68 79 78
81 91 80
80 90 79
79 69 80
81 80 70
80 91 90
90 91 100
81 111 91
22 12 23
4 6 5
1 0 3
3 2 1
4 5 14
3 0 4
6 4 0
2 12 11
35 14 25
6 16 15
3 12 2
4 13 3
12 13 23
11 12 22
13 12 3
14 13 4
25 5 15
33 22 23
5 6 15
46 25 36
32 11 22
13 14 24
33 44 54
43 53 32
13 24 23
14 5 25
36 15 26
63 53 43
15 16 26
57 36 47
21 11 32
43 22 33
24 34 23
33 23 34
35 24 14
45 35 56
35 45 24
25 15 36
47 26 37
44 34 55
32 22 43
44 33 34
63 43 54
45 34 24
25 46 35
55 34 45
56 35 46
36 26 47
84 54 64
67 47 37
64 55 85
32 53 42
43 33 54
64 44 55
52 53 63
65 45 56
66 56 46
46 36 57
57 66 46
54 44 64
84 64 74
55 45 65
85 65 86
65 85 55
66 65 56
57 47 67
65 66 86
96 75 86
75 95 74
86 75 85
84 63 54
75 74 85
64 85 74
66 57 87
96 86 76
66 87 86
67 87 57
105 95 75
75 96 105
37 58 67
130 119 109
97 87 77
77 67 58
77 87 67
97 117 76
98 108 88
88 77 78
78 79 89
58 78 77
87 76 86
68 78 58
89 88 78
79 90 99
128 117 107
138 149 157
97 88 107
89 98 88
87 97 76
77 88 97
100 110 90
89 99 109
79 99 89
128 127 117
96 106 116
76 106 96
107 88 108
108 118 128
89 109 98
139 119 140
129 109 119
110 130 99
90 110 99
106 127 137
115 105 116
96 116 105
76 117 106
97 107 117
108 98 129
129 118 108
120 119 130
131 110 100
110 131 120
157 158 156
116 126 115
116 137 126
117 127 106
108 128 107
138 128 118
109 129 98
139 129 119
99 130 109
110 120 130
158 159 156
106 137 116
148 127 138
128 138 127
139 118 129
139 149 118
120 140 119
141 120 131
157 149 158
120 141 140
151 150 140
147 136 126
148 126 137
157 156 147
126 148 147
127 148 137
118 149 138
150 139 140
139 150 149
141 151 140
141 152 151
157 147 148
138 157 148
158 149 150
150 151 158
158 151 159
