51 52 62
53 62 52
63 74 83
92 102 81
62 53 63
62 63 73
61 51 62
81 61 72
61 62 72
94 74 84
102 113 112
62 73 72
72 82 92
82 72 73
71 81 91
61 81 71
84 74 75
94 93 83
73 83 93
63 83 73
81 72 92
104 93 94
80 91 101
71 91 80
82 93 103
73 93 82
94 83 74
84 75 95
105 84 95
102 112 101
80 101 90
82 103 92
101 91 102
81 102 91
104 94 105
93 104 103
105 94 84
127 123 124
101 111 90
127 122 123
112 123 122
101 112 111
113 102 92
92 103 113
114 103 104
103 114 113
115 104 105
104 115 114
105 116 115
95 116 105
122 111 112
123 112 113
113 114 123
124 114 115
114 124 123
115 116 125
115 125 124
28 18 29
10 11 21
18 7 8
0 2 1
1 8 0
7 5 0
7 6 5
8 7 0
18 17 7
8 9 19
8 1 9
1 2 11
1 10 9
1 11 10
21 42 31
17 27 6
7 17 6
17 38 27
40 19 20
19 29 18
8 19 18
20 19 9
10 31 9
31 10 21
41 30 20
11 22 21
48 37 38
38 17 28
17 18 28
48 57 37
30 50 40
20 30 40
42 21 32
20 31 41
31 20 9
42 51 41
49 38 28
38 37 27
28 39 49
29 39 28
50 39 40
39 29 40
40 29 19
52 42 32
30 41 60
31 42 41
49 48 38
59 39 50
60 41 51
59 58 49
42 52 51
60 50 30
58 48 49
59 69 58
49 39 59
50 60 70
71 70 60
61 60 51
59 50 70
70 71 80
70 69 59
61 71 60
69 70 79
80 79 70
3 0 5
3 5 4
4 13 3
2 0 3
2 12 11
4 14 13
4 15 14
6 16 5
36 25 15
26 47 36
3 13 2
14 24 13
13 12 2
16 4 5
14 15 25
22 33 43
15 4 16
32 22 43
27 16 6
22 11 12
12 13 23
23 33 12
24 23 13
35 14 25
35 24 14
36 15 26
35 45 34
16 26 15
26 16 27
47 26 37
21 22 32
22 12 33
44 23 34
44 33 23
24 34 23
24 35 34
36 56 25
37 26 27
64 55 65
56 36 67
32 43 52
44 43 33
43 44 53
54 34 45
34 54 44
46 35 25
45 46 55
46 45 35
47 37 57
65 55 66
53 52 43
54 53 44
64 45 55
54 45 64
25 56 46
46 56 55
47 67 36
63 53 54
75 64 65
54 64 63
66 55 56
56 67 66
47 57 67
74 63 64
75 74 64
68 57 58
68 67 57
57 48 58
96 106 85
69 78 58
66 67 68
88 87 78
68 77 66
96 76 86
66 76 65
107 118 117
76 85 65
77 76 66
90 79 80
125 117 118
68 78 87
58 78 68
96 107 117
86 76 77
111 121 110
75 85 95
65 85 75
69 89 78
89 79 100
77 87 97
68 87 77
99 89 100
88 98 87
78 89 88
69 79 89
96 85 76
97 87 98
86 97 107
97 86 77
120 99 110
127 124 126
88 99 109
89 99 88
79 90 100
110 100 90
86 107 96
95 106 116
85 106 95
98 108 97
110 99 100
108 107 97
119 120 121
108 98 109
88 109 98
111 110 90
127 121 122
106 96 117
106 117 116
108 118 107
108 109 119
126 118 119
119 118 108
120 110 121
119 109 120
99 120 109
125 118 126
111 122 121
116 117 125
127 119 121
124 125 126
127 126 119
