22 32 21
32 22 23
41 52 51
53 62 61
32 23 33
32 31 21
31 32 41
63 60 62
31 40 39
41 40 31
33 42 32
42 33 43
32 42 41
62 53 54
43 34 44
40 50 39
39 50 49
41 51 40
40 51 50
42 52 41
43 53 42
43 54 53
42 53 52
44 54 43
62 54 55
49 50 59
50 51 60
50 60 59
51 52 61
51 61 60
52 53 61
60 61 62
17 6 7
19 8 1
9 10 20
10 9 1
8 2 1
10 21 20
2 8 0
0 8 6
29 19 9
19 1 9
6 8 7
1 2 11
30 20 31
11 10 1
12 11 2
7 18 17
29 9 20
18 7 19
8 19 7
21 10 11
30 28 29
12 22 11
22 21 11
18 28 17
17 28 27
30 29 20
28 18 29
29 18 19
31 20 21
31 39 30
30 39 38
0 6 5
3 2 0
2 3 12
4 3 0
5 15 4
4 0 5
5 16 15
13 3 4
23 12 13
3 13 12
14 13 4
16 5 6
33 24 25
26 35 25
4 15 14
15 26 25
27 16 17
6 17 16
13 14 24
23 22 12
23 13 24
15 25 14
14 25 24
26 15 16
27 35 26
16 27 26
33 23 24
34 43 33
34 33 25
34 25 35
45 34 35
37 28 30
35 27 36
46 36 47
36 27 28
36 28 37
45 44 34
48 59 58
37 30 38
58 63 57
46 47 57
36 46 35
38 48 37
35 46 45
37 47 36
39 49 38
56 46 57
48 47 37
49 48 38
63 62 55
44 45 56
57 63 55
55 54 44
44 56 55
45 46 56
58 47 48
55 56 57
47 58 57
49 59 48
58 59 63
60 63 59
