38 49 59
47 58 68
61 71 50
87 86 77
89 88 79
69 48 59
64 53 43
63 75 74
46 56 35
79 88 78
48 58 37
52 73 62
40 51 50
42 62 31
53 52 42
52 53 63
63 53 64
56 67 77
35 56 45
46 57 67
38 59 48
89 90 95
70 49 60
50 51 61
72 51 62
90 91 92
31 62 51
42 52 62
65 54 55
85 65 76
75 54 65
66 55 45
94 93 85
55 66 65
45 56 66
46 67 56
57 68 67
47 68 57
58 48 69
69 79 58
80 59 70
49 70 59
60 71 70
50 71 60
82 61 72
72 61 51
73 72 62
63 84 52
65 66 76
85 93 74
75 63 64
54 75 64
85 75 65
77 66 56
67 78 77
77 76 66
68 78 67
69 59 80
91 90 81
78 68 79
58 79 68
71 81 70
71 82 81
70 81 80
82 71 61
73 83 72
85 86 94
72 83 82
84 83 73
52 84 73
63 74 84
85 74 75
76 77 86
76 86 85
78 87 77
94 95 92
92 95 90
78 88 87
89 79 69
69 80 89
90 80 81
80 90 89
91 81 82
82 83 91
87 88 95
91 83 92
84 93 83
83 93 92
84 74 93
87 94 86
92 93 94
87 95 94
95 88 89
3 2 1
5 0 6
17 18 28
31 41 21
0 7 6
3 1 0
3 4 12
15 5 6
31 40 41
5 3 0
12 4 23
3 5 4
8 0 1
6 7 16
13 4 14
8 7 0
37 47 26
1 2 10
18 8 9
9 8 1
27 17 28
1 10 9
20 2 11
12 2 3
4 13 23
2 12 11
5 14 4
32 42 21
26 6 16
15 25 14
14 24 13
5 15 14
17 7 8
26 36 15
17 16 7
18 17 8
9 10 30
39 18 19
9 19 18
10 2 20
12 22 11
28 39 49
11 21 20
30 40 29
32 11 22
22 23 33
12 23 22
13 24 34
34 24 35
14 25 24
15 6 26
27 38 48
16 27 37
17 27 16
39 19 29
19 9 30
41 40 30
19 30 29
41 10 20
21 11 32
43 22 33
31 21 42
44 13 34
33 23 44
23 13 44
35 24 25
25 15 36
36 46 25
26 16 37
47 57 36
27 28 38
18 39 28
60 39 29
29 40 50
10 41 30
21 41 20
32 22 43
43 53 32
54 33 44
55 44 34
45 55 34
35 45 34
25 46 35
36 26 47
37 27 48
28 49 38
60 29 50
51 40 31
53 42 32
33 54 64
44 55 54
46 36 57
47 37 58
49 39 60
33 64 43
