89 58 69
63 53 74
81 71 61
87 108 97
98 77 88
77 57 78
85 75 96
72 62 61
66 56 76
101 91 81
67 57 77
59 70 90
106 86 107
73 63 83
73 93 52
64 74 53
69 58 59
62 93 82
91 60 71
112 81 102
54 75 64
111 80 101
75 95 64
96 55 86
56 77 87
67 77 56
78 57 68
69 79 89
120 121 127
109 99 110
80 100 90
90 79 69
91 80 70
82 92 62
94 104 83
61 92 81
83 103 93
74 94 63
84 94 74
105 95 85
126 127 124
95 84 74
75 65 96
55 76 86
77 78 88
76 87 97
56 87 76
99 78 89
110 99 79
78 68 89
58 89 68
59 90 69
70 80 90
60 91 70
81 91 71
62 92 61
102 92 82
52 93 62
73 83 93
103 83 104
63 94 83
64 95 74
75 85 95
55 96 65
106 96 86
76 97 86
87 77 98
98 108 87
88 99 109
78 99 88
89 79 99
104 84 115
90 100 79
91 101 80
81 92 102
82 103 113
121 122 123
103 82 93
84 104 94
84 105 115
113 103 114
95 105 84
85 106 116
96 106 85
97 107 86
117 116 107
106 107 116
97 108 107
121 120 111
98 109 118
109 98 88
79 100 110
100 111 120
80 111 100
101 112 111
81 112 101
82 113 102
113 122 102
104 114 103
125 117 126
119 126 118
104 115 114
117 107 108
105 116 125
116 105 85
110 119 109
118 109 119
117 108 118
98 118 108
111 112 121
126 124 125
119 110 120
100 120 110
114 123 113
113 123 122
121 112 122
102 122 112
124 114 115
123 124 127
114 124 123
117 125 116
124 115 125
105 125 115
118 126 117
126 119 127
120 127 119
121 123 127
3 2 4
0 7 5
2 3 12
2 11 1
7 6 5
0 2 1
2 0 4
23 22 12
19 29 9
6 15 5
14 4 5
4 0 5
8 0 1
6 7 16
13 4 14
45 34 24
17 7 8
0 8 7
1 9 8
10 9 1
17 18 28
12 21 11
10 11 20
11 10 1
12 11 2
13 3 4
19 10 30
22 21 12
13 23 3
26 6 16
24 13 14
14 25 24
5 15 14
8 9 18
16 17 27
17 16 7
18 17 8
19 9 10
66 46 36
30 10 20
76 55 35
22 42 21
41 20 31
11 21 20
3 23 12
30 41 51
24 34 44
33 54 64
25 14 15
15 6 26
33 23 44
26 46 15
27 37 47
9 29 18
38 48 28
28 27 17
49 18 29
30 40 19
50 19 40
31 20 21
38 28 49
42 22 32
21 42 31
33 43 23
13 44 23
43 32 22
24 25 45
45 25 35
65 45 55
25 46 35
47 16 27
26 47 36
35 66 76
37 27 48
48 27 28
28 18 49
51 71 40
38 59 58
39 49 50
30 20 41
39 60 70
30 51 40
53 63 32
23 43 22
53 43 33
24 44 13
54 44 34
15 46 25
36 46 26
16 47 26
67 37 57
37 48 68
58 68 48
50 49 29
39 38 49
19 50 29
60 50 40
52 72 31
52 31 42
52 62 72
73 42 32
43 53 32
33 44 54
55 45 35
34 45 65
35 46 66
47 37 67
56 36 67
58 48 38
57 37 68
59 38 39
50 60 39
70 59 39
71 51 61
72 51 41
72 61 51
32 63 73
53 33 64
65 54 34
54 65 75
36 56 66
47 67 36
40 71 60
72 41 31
73 52 42
