138 118 139
149 139 150
87 56 77
88 130 119
152 132 143
91 80 60
81 61 102
86 106 96
152 143 153
63 84 94
86 96 76
109 99 79
88 129 78
90 100 59
90 70 80
91 60 81
103 123 82
95 75 85
95 64 75
97 87 107
86 76 97
158 149 150
88 99 109
108 77 98
99 88 78
90 110 100
91 101 80
121 80 101
100 89 79
82 92 61
153 154 155
102 92 112
93 113 123
104 94 124
145 135 146
93 83 104
64 105 84
95 105 64
85 96 106
65 96 85
56 87 97
122 91 102
92 123 133
81 102 91
61 92 102
83 93 103
63 94 104
85 106 126
84 105 125
126 115 95
107 86 97
107 127 86
107 128 117
77 108 87
119 129 88
79 89 109
89 120 130
100 110 89
101 111 121
132 122 112
115 136 135
111 101 122
92 82 123
134 124 114
94 125 114
113 93 124
135 125 115
95 115 105
117 137 127
136 126 116
87 128 107
116 106 127
138 128 118
129 118 108
89 110 120
129 119 118
130 88 109
131 110 121
156 158 159
110 90 121
80 121 90
91 122 101
102 112 122
93 123 103
143 133 144
104 124 93
94 114 124
84 125 94
115 125 105
85 126 95
116 126 106
86 127 106
107 117 127
87 108 128
118 128 108
108 98 129
78 129 98
89 130 109
130 120 140
110 131 120
121 111 131
122 132 111
112 133 143
92 133 112
123 113 133
124 134 113
114 135 145
125 135 114
136 115 126
137 116 127
152 153 159
137 147 116
117 128 138
138 148 117
119 139 118
140 119 130
140 120 141
140 139 119
131 141 120
142 131 111
150 151 158
131 142 141
111 132 142
112 143 132
144 133 113
113 134 144
134 114 145
145 154 134
136 146 135
157 137 148
158 157 149
146 136 147
116 147 136
117 148 137
149 138 139
138 149 148
150 139 140
140 141 150
151 141 142
141 151 150
153 143 144
151 142 152
132 152 142
146 155 145
145 155 154
153 144 154
134 154 144
156 146 147
156 159 155
146 156 155
149 157 148
156 147 157
137 157 147
159 153 155
157 158 156
158 151 159
152 159 151
9 8 1
15 5 6
3 0 4
29 18 9
7 5 0
7 2 1
0 3 2
0 5 4
19 29 9
12 4 13
21 20 11
6 5 7
27 17 8
14 13 4
2 7 0
17 1 8
1 2 10
16 17 27
2 3 11
18 8 9
10 9 1
11 10 2
3 12 22
30 40 19
3 4 12
5 14 4
53 63 73
21 42 31
26 6 16
15 25 14
14 25 24
5 15 14
17 6 7
18 28 8
6 17 16
1 17 7
19 9 10
37 27 48
11 20 10
39 29 50
10 20 19
3 22 11
21 11 22
30 20 41
43 12 23
32 42 43
12 13 23
34 75 54
13 24 44
14 24 13
15 6 26
45 34 24
46 26 36
35 46 66
47 36 26
48 28 38
8 28 27
18 29 39
30 19 20
39 49 18
21 41 20
40 71 50
21 31 41
43 42 22
43 33 53
31 42 52
34 44 24
44 23 13
45 25 35
46 25 15
25 46 35
37 47 16
37 16 27
16 47 26
27 28 48
49 28 18
29 19 40
39 59 49
40 50 29
30 41 51
62 31 52
71 60 50
22 42 21
52 42 32
12 43 22
33 43 23
54 44 34
33 23 44
25 45 24
55 45 35
26 46 15
66 46 36
48 68 37
58 68 48
37 68 57
49 38 28
69 38 49
71 30 51
60 70 50
72 31 62
72 41 31
32 43 53
33 44 54
73 52 32
64 74 54
45 65 34
55 65 45
66 36 56
57 67 47
57 47 37
56 36 67
58 48 38
69 49 59
70 39 50
51 81 71
70 59 39
82 61 72
72 61 51
53 73 32
33 54 74
63 53 74
75 64 54
65 75 34
66 56 97
35 66 76
47 67 36
67 57 98
68 99 78
68 58 99
38 69 58
60 80 70
30 71 40
81 51 61
41 72 51
82 72 62
63 104 73
52 73 83
33 74 53
84 74 64
55 96 65
76 55 35
67 77 56
78 57 68
98 57 78
79 58 69
81 60 71
52 83 62
103 62 83
74 84 63
65 85 75
67 98 77
100 69 59
69 100 79
70 90 59
82 62 103
76 96 55
97 76 66
79 99 58
104 83 73
