-0.1149220434236348 -0.2150016081692256 -0.9698284551506946
0.2415023092449128 -0.0599179898487455 -0.9685486405554757
0.2731450888121862 0.3212385467569511 -0.9067510995500723
-0.0851509087842734 0.1809021144660276 -0.9798080157433560
-0.3743235310540169 0.3919952315923516 -0.8403699378893268
-0.4279050760397318 -0.0271915336960457 -0.9034145595432299
-0.4473320502512331 -0.4182679077107100 -0.7905352580355497
-0.1325826299088360 -0.5579662599038375 -0.8192041864244712
0.1994315695071657 -0.4462814227278102 -0.8723874946444098
0.5223104956692304 -0.2907337391923235 -0.8016642932107010
0.5854091562136259 0.0658986190571678 -0.8080553767085575
0.3459313796286016 0.6521757557920572 -0.6745355914592731
-0.0204084355539893 0.5624606333187548 -0.8265721576032573
-0.5955716162069904 0.5573691324821308 -0.5784756694319222
-0.6742786033179613 0.1601201927905879 -0.7209090712206946
-0.7154570278387992 -0.2333481778478277 -0.6585361563431200
-0.3180651232174997 -0.7598362469543345 -0.5669951103907230
0.0748587030741625 -0.7775107723252477 -0.6243982491104945
0.4192251939540516 -0.6519955806279023 -0.6317847731592399
0.6999079376621957 -0.4687386197003112 -0.5388997914259189
0.5853108649483537 0.3997279537968186 -0.7054280646010750
0.7023157526957156 0.5799830437960409 -0.4127617380820685
0.0683896312599346 0.8395101306272374 -0.5390228185433051
-0.2879960372919765 0.7460909887380073 -0.6003386702754214
-0.8332604404913673 0.3160791404954437 -0.4536199017413082
-0.9074845531062815 -0.0352366474094968 -0.4186050221304460
-0.6343025498761879 -0.6085320646404954 -0.4768112850226410
-0.0827875657808829 -0.9445557175962844 -0.3177431593413840
0.3201521938612421 -0.8820438850935198 -0.3456893945942848
0.8850423294842510 -0.3960762611192825 -0.2445887781539876
0.8182551720528372 -0.1334965999849543 -0.5591396347972828
0.9129407484250354 0.3795860750961607 -0.1498452583775271
0.4499154331593854 0.8257234694216757 -0.3402305909985661
-0.1880077897134900 0.9500654529408848 -0.2490556285958609
-0.7777781023494027 0.5853859007071853 -0.2288767588878335
-0.9661186106258364 0.2197924353163273 -0.1353000945310900
-0.8690384659787764 -0.3865508445426346 -0.3087889072370170
-0.4343617012998188 -0.8768447695512892 -0.2060901806357438
0.1564404418623953 -0.9867291639782401 -0.0434964953151621
0.6457429248688539 -0.7129555390633233 -0.2733321684338375
0.9756888664227468 -0.0136449825199379 -0.2187351146723496
0.8376721759544641 0.2242929294343074 -0.4979939833346285
0.7072385483124152 0.7054609271539155 -0.0462440919478970
0.1581276859122539 0.9666908392712008 -0.2012571892310358
-0.5132495285265515 0.8172098798343133 -0.2621887369214397
-0.8830205555911970 0.4614070031653184 0.0858968907086490
-0.9930661869768632 -0.1132428541475806 -0.0315531974250422
-0.7160998628389701 -0.6931256068253251 -0.0823278786622913
-0.1755251863245735 -0.9806851359120087 0.0862993230968153
0.4903518218602688 -0.8707216902153339 0.0374009222729512
0.9573131319958256 -0.2771384587854418 0.0821330747651209
0.9821446801859586 0.1277743035372573 0.1380780740667764
0.5870644601531886 0.7358241678791899 0.3375175752311916
0.4036645449554727 0.9128641202146636 0.0611067358856577
-0.3519350900970208 0.9295858933825020 0.1095981714384751
-0.6604969324534916 0.7415955780837002 0.1173873961983580
-0.9528842044258198 0.1411711797121619 0.2684816399205890
-0.9002997343637336 -0.4304724023745549 0.0644507494019262
-0.4931584502602696 -0.8448075798509331 0.2075931019164621
0.1889413312514246 -0.9311337430672602 0.3119152543023392
0.7790268580364437 -0.6216591954018070 0.0815904358993416
0.9122687292833832 -0.1300444876441525 0.3883995324470037
0.8530618996278527 0.4687606728026809 0.2292353093153351
0.2441305782492763 0.8737927139867093 0.4205788317871157
0.0128290958370216 0.9909571428487651 0.1335640495680504
-0.4866445776523015 0.7438153773931840 0.4581656244144124
-0.7882674557264104 0.4599335386983145 0.4087732356980552
-0.9079218204323535 -0.2056327148752430 0.3652302760668102
-0.7395176572928173 -0.5814891266855904 0.3390929520036838
-0.1537757516038576 -0.8725924836572641 0.4636112333448318
0.5315134768724147 -0.7496387389543395 0.3943794935870077
0.7792052524059849 -0.4596224687862694 0.4261295117798581
0.8316222712380843 0.1817057432108192 0.5247736853778149
0.6762538277480754 0.4670089850824214 0.5697221851993854
0.0573501774242559 0.7082002224091027 0.7036784792283360
-0.1578273312156026 0.8713789865474248 0.4645311564630981
-0.5883687714776157 0.4684767437305406 0.6590536619529177
-0.7766780410351827 0.0887102898754209 0.6236198401622337
-0.6989805819240688 -0.3236572378304396 0.6377085058967463
-0.4656331122037241 -0.6801711576320949 0.5661740025335762
0.2152695336339029 -0.7396447638230579 0.6376399071875716
0.5146210486548757 -0.4964969490941255 0.6990393092105633
0.7134429051571910 -0.1388493813887743 0.6868188046121205
0.5170619275747828 0.2191393551169753 0.8274206343158033
0.3957851865840584 0.6052682924007136 0.6906550371168998
-0.2478905082044369 0.5638614758980578 0.7877883801759263
-0.4779801850982540 0.2425889102322931 0.8442070618549381
-0.4886818854204524 -0.0879368053488888 0.8680190856927880
-0.3916647043915230 -0.4256206817523718 0.8157486099274378
-0.1122121432990479 -0.6277447631605761 0.7702888725800900
0.1762599134991497 -0.4182407861997260 0.8910707534490778
0.4397252541661825 -0.1650040715514075 0.8828450357905085
0.1753472205514715 0.0239627121112274 0.9842149870191715
0.1467456646549111 0.3987532121839136 0.9052411754212240
-0.1630742455127205 0.1851165901491739 0.9690916563989186
-0.1269849773444519 -0.2150261413468300 0.9683173932478556
