-0.1036681277012935 -0.1634289992738328 -0.9810932073433501
0.8395184396447075 -0.1689478841868224 -0.5163965549123190
-0.1500116130983184 0.9369577021779373 0.3156054186243961
0.3047679314946402 0.7315365116457959 -0.6098941220093687
-0.7152317334265023 0.5200580028501158 -0.4668867541184584
-0.8108750280654916 -0.5111286150970057 -0.2850074169013943
-0.8395182781236123 0.1689487031313362 0.5163965495688414
-0.3047684423408590 -0.7315370270337824 0.6098932485539593
0.1500138535019923 -0.9369570105644663 -0.3156064069558494
0.7152307074221691 -0.5200581610289295 0.4668881496756923
0.8108756733523655 0.5111273804674985 0.2850077951596776
0.1036666173675775 0.1634293970153242 0.9810933006777550
