-0.0854782972288380 0.1077320769468042 -0.9904984908113623
0.1350362702005369 -0.2846566051255096 -0.9490710315296464
0.1662950422863616 0.0041178827890803 -0.9860674429025190
0.1182831693423363 0.3039910974974037 -0.9453033928282792
-0.2055590104731738 0.3365131777050917 -0.9189691912377209
-0.3582131797775684 0.0509581715756474 -0.9322481335906820
-0.4164402398876908 -0.2388798766412709 -0.8772194315780595
-0.1319869444789157 -0.1614151335008650 -0.9780207570210449
0.1072750511605454 -0.5486100498849105 -0.8291677011098408
0.3850073624107089 -0.4015241802693001 -0.8309919756222774
0.4102275721689551 -0.1047254491443064 -0.9059502852441120
0.3921793030332703 0.2066978543905073 -0.8963656571191797
0.0027735740530084 0.5430485215404983 -0.8396967372448528
-0.3236433534722691 0.5417092273993128 -0.7757616210561485
-0.4930891699391575 0.2881781885882539 -0.8208632054798810
-0.6112452099484910 -0.0062075228173900 -0.7914169318225993
-0.4385940723230661 -0.5055736404499699 -0.7429875731162895
-0.1645302610464744 -0.4274628834290013 -0.8889349112789660
0.3597813127585010 -0.6537249544511234 -0.6657334984193347
0.6211297908149388 -0.2179621629006260 -0.7527883357929183
0.6353784339342993 0.0791712500838183 -0.7681316025599799
0.5816213997928527 0.3699144700772948 -0.7244859088556772
0.3017836067078680 0.5022056753552184 -0.8103802282653494
-0.1274255971273699 0.7225462613250961 -0.6794774591124116
-0.5784601267419764 0.5150204447367778 -0.6325644815137729
-0.7257104977057234 0.2382982058980629 -0.6454132308726526
-0.6596058283015725 -0.2924749813284562 -0.6923716751626366
-0.1807368147575176 -0.6657240330460784 -0.7239790850681881
0.0910463406858216 -0.7617470026655021 -0.6414452960134985
0.5952921199887803 -0.5011483705044707 -0.6280745199576061
0.8239283671274167 -0.0456528554244971 -0.5648520714614922
0.7207593795120749 0.4987247828197822 -0.4814348427842859
0.3469172777862905 0.8167716175496907 -0.4610125021500084
-0.1237647231133286 0.8781994053110042 -0.4620044348532596
-0.6146874419779892 0.6971971017946121 -0.3688841958172636
-0.8951428766633408 0.1785388795456216 -0.4084643177187857
-0.8430201245728948 -0.3122276009490669 -0.4379851535962047
-0.4282142150988361 -0.7293435516799288 -0.5335640257834057
0.0925102297291426 -0.9061725541211055 -0.4126659176053837
0.5861720776995877 -0.6982207948326070 -0.4109623060435971
0.7785402629564044 -0.3130143852139383 -0.5439642025031728
0.8052900483874635 0.2330781684040894 -0.5451444811988025
0.4736447231450768 0.6261278588766708 -0.6193743460746010
0.1551662479140666 0.7467962059475576 -0.6466984322623672
-0.3892732269843751 0.7370303379810081 -0.5524967290842289
-0.7743651747360071 0.4593968273766814 -0.4351012883827314
-0.8162463843563411 -0.0526014252967858 -0.5753042065567981
-0.6570560586598624 -0.5438353660926293 -0.5220348938196213
-0.1705422294936357 -0.8527711732714619 -0.4936564331562531
0.3494620273943074 -0.8305600879087264 -0.4336429773240990
0.7869723125276890 -0.5065573625508921 -0.3522417036074880
0.9502918352326688 0.0561300959130702 -0.3062594328717333
0.5881898770817117 0.7299809482225496 -0.3480811453249204
0.1222596839937096 0.9284355005688537 -0.3507992174353022
-0.3825546495557691 0.8763284183059165 -0.2927463806312783
-0.9059620388093945 0.3693662713860223 -0.2068848515447959
-0.9444823881621300 -0.2980505249551053 -0.1382711214445938
-0.6006017032150507 -0.7489677598998116 -0.2798658405840881
-0.0740522530378134 -0.9736731717476240 -0.2155848288700888
0.5022172441316703 -0.8508614166143108 -0.1543136073516474
0.9005780932879514 -0.4253921528172039 -0.0894461525801009
0.9896932437864916 0.1429024421627939 -0.0092830613097954
0.7883923440724968 0.5810373183025559 -0.2020721320411308
0.1509834644006104 0.9878391139133395 -0.0371197858358316
-0.3556693345986937 0.9345861440092669 -0.0069328098208543
-0.7858445671957929 0.6021177900957162 -0.1410761604917998
-0.9558588933467060 -0.0678292319616327 -0.2858897887324859
-0.7994036756670533 -0.5430712174168802 -0.2569580046298466
-0.3557832121405884 -0.8951894135839708 -0.2684291708553892
0.2408367016686304 -0.9544974481996451 -0.1758758212766639
0.7248143397046615 -0.6773971467668980 -0.1256076371506180
0.9204263253293364 -0.2297493203320326 -0.3162761917180988
0.9046691889073036 0.3307407272234964 -0.2686712303122055
0.3791155502946817 0.9058343553034172 -0.1890384095278080
-0.1169122013546851 0.9772243310707223 -0.1770992488346038
-0.5974686361925065 0.7982925035437086 -0.0758966899949155
-0.9858275454541574 0.1461491749898606 -0.0823678898213025
-0.8656791391753329 -0.5002204848782944 0.0194703493748444
-0.4903887325966796 -0.8714932099997712 0.0042983562575620
0.0746825316252125 -0.9962197120340412 0.0443712161751414
0.7986843443669762 -0.5849500848307364 0.1411974373691237
0.9897194443115310 -0.1346395072900471 -0.0482454622567509
0.9149456079634445 0.4023441487392699 0.0315233317350065
0.6026325150355438 0.7958988506147293 -0.0581297807675891
-0.0825248803204979 0.9886473380722139 0.1255630720029296
-0.7571320427303649 0.6335812957860981 0.1591408542799545
-0.9578692102953837 0.1675053834950518 0.2332992123181591
-0.9255963747615712 -0.3158779779125218 0.2085484454464565
-0.3443171684939290 -0.8937233884542616 0.2875833660178493
0.1613433627001826 -0.9249624808971332 0.3441115055403087
0.5962668719102875 -0.7907761164877931 0.1383435978092412
0.9335836139591867 -0.3078789734458288 0.1833907670981475
0.9244704091287215 0.2431133693718978 0.2936841028690820
0.6084905675326826 0.7515046984708285 0.2549115874181141
0.1542055404335089 0.9452781438842179 0.2875237068389617
-0.5494132762040819 0.8057837983167112 0.2210373776106450
-0.9110222736071901 0.4052136039884993 0.0764221966069932
-0.9944751963872588 -0.0866153769034793 0.0593031217929650
-0.7046154838308927 -0.7095678207615328 0.0055251864662098
-0.2346044465146481 -0.9720463811600546 0.0093051893692549
0.3519178403633701 -0.9295781656302767 0.1097190394481808
0.8045931034098155 -0.4520587638100759 0.3850620885102400
0.9666704042415899 -0.0321429118934793 0.2539983519206554
0.7738824914437711 0.6292514776391828 0.0717528210294672
0.3941048464340278 0.9110333962998819 0.1212415805056739
-0.3074680290384665 0.9136168013448239 0.2660220882176014
-0.8297446953128255 0.4188006761619754 0.3689576320480426
-0.9239542180410218 -0.0842053713342544 0.3731193621385309
-0.7736774898245080 -0.5664606444685777 0.2838053558463824
-0.0922558697494121 -0.9630094677720633 0.2531829762802918
0.4103289402772482 -0.8200787117363154 0.3988747514293875
0.6534964634249799 -0.4289155360361839 0.6236776693435776
0.8404011967894517 0.0607468141606368 0.5385495826794321
0.6082001654319291 0.6059249583141236 0.5127840711845502
0.1281679510798151 0.8081769595901757 0.5748243021163786
-0.3885377960644513 0.7761343647191803 0.4966425565045078
-0.6611643724765509 0.3967112755481793 0.6367745569827874
-0.7732487974318186 -0.1067135259287033 0.6250588137560420
-0.6007299974001854 -0.5945310366436428 0.5344682560180807
-0.3609089400094138 -0.7545808068507328 0.5480442892264991
0.1767859769366946 -0.7736325916680186 0.6084729504814193
0.6313875668290932 -0.6581322945872247 0.4101361033547178
0.8507970885419789 -0.2073573093440497 0.4828532493316041
0.8026601425445654 0.5056051535369189 0.3163860368082743
0.3874095420102212 0.8205070320564594 0.4203356481495840
-0.0995422937891644 0.8937362734539934 0.4374091965880006
-0.6342711421946624 0.6269819757606694 0.4523203734636831
-0.8358111091658279 0.1682237062851600 0.5226093899258535
-0.8000854027017120 -0.3561059815216545 0.4827544700032701
-0.5774810813835122 -0.7640344564284931 0.2876924573813961
-0.0946174609599425 -0.8562167072333516 0.5078784168833823
0.4321636156943889 -0.6287694927450382 0.6464391187599183
0.6699458705001501 -0.1583097357675443 0.7253347903975147
0.7651231942822534 0.3343644564105170 0.5502607635118287
0.3637207254788530 0.6563732458107239 0.6609700417122034
-0.1620187001876008 0.7184720578315926 0.6764228284917334
-0.4288936560674014 0.5690249135162547 0.7016130554536143
-0.6375910979301902 0.1371631551564554 0.7580658683173255
-0.5990963627445356 -0.3728323890772109 0.7085757248179244
-0.3588147400355255 -0.5466885683581534 0.7565603687477629
-0.0915076440518421 -0.6748393802391491 0.7322691868148778
0.1837247578303673 -0.5483112051236897 0.8158431440515879
0.4369226405463624 -0.3714601781403128 0.8192166637916745
0.6370282950325585 0.1248099320130318 0.7606690687801194
0.5522210396633254 0.4055113110896467 0.7284315341413439
0.0772672446079837 0.6068524695403938 0.7910498423762029
-0.1778602920023535 0.4711324474674699 0.8639444041558169
-0.4226049937269115 0.3096967646557089 0.8517587294761725
-0.5670327018056116 -0.1263754201433236 0.8139429760533762
-0.3452518867720578 -0.2871041382455858 0.8935168428645280
-0.0860062239545351 -0.4284893667196711 0.8994441572711768
0.1742404925181784 -0.2680858932855059 0.9475073638702419
0.4267867483201947 -0.0881099290076012 0.9000498385470386
0.3809192555355507 0.1950680748338041 0.9037969721916949
0.3050564200310801 0.4533076051797818 0.8375277880070561
0.0864537426405670 0.3269495380096076 0.9410790349267922
-0.1471207858135683 0.1793452568457128 0.9727233693237474
-0.3723318655705364 0.0235266988601029 0.9278014207369538
-0.1055523098620884 -0.1304220686641659 0.9858239162690958
0.1431326746343979 0.0326889291154920 0.9891635210445671
