48 38 49
39 38 28
32 43 42
61 53 54
62 54 55
47 58 57
63 59 60
31 41 20
24 35 34
63 60 62
25 36 35
37 47 26
38 48 27
29 39 28
53 43 54
29 40 39
30 41 40
51 41 52
21 42 31
33 43 32
34 44 33
44 34 45
33 44 43
35 45 34
36 46 35
36 47 46
35 46 45
47 36 26
39 49 38
50 39 40
47 37 48
27 48 37
51 40 41
57 58 63
50 49 39
55 44 45
40 51 50
52 41 31
31 42 52
53 42 43
42 53 52
44 54 43
56 55 45
54 62 61
44 55 54
46 56 45
57 46 47
59 63 58
46 57 56
58 47 48
48 49 58
59 49 50
49 59 58
60 50 51
50 60 59
51 52 61
51 61 60
52 53 61
56 62 55
60 61 62
62 56 63
57 63 56
3 2 1
15 5 6
20 9 10
17 7 18
7 6 5
3 1 0
3 4 12
4 0 5
18 29 28
0 4 3
23 12 13
1 8 0
5 0 7
15 6 16
14 13 4
18 7 8
0 8 7
9 8 1
2 10 1
21 10 11
1 10 9
11 10 2
12 2 3
2 12 11
4 13 12
14 4 5
23 22 12
16 26 15
5 15 14
7 17 6
16 17 27
25 24 14
17 16 6
8 9 19
29 18 19
8 19 18
30 9 20
20 21 31
10 21 20
32 11 22
12 22 11
14 24 13
33 32 22
13 24 23
25 14 15
15 26 25
37 16 27
28 17 18
28 27 17
9 30 19
41 30 20
19 30 29
21 11 32
32 42 21
33 22 23
24 34 23
23 34 33
35 24 25
36 25 26
26 16 37
28 38 27
40 29 30
