0.0160621092890506 -0.0584260581180647 -0.9981625140116067
0.2470648368871471 0.0066650108329999 -0.9689760286015972
0.0949089138449289 0.1689739877062268 -0.9810403098504321
-0.0704873553300232 0.3033437413281255 -0.9502705442849602
-0.1512702379096054 0.0984756862348228 -0.9835750374746973
-0.2169961713870342 -0.1174051973627684 -0.9690865189628727
-0.2740360279952702 -0.3331636655426468 -0.9021675162201103
-0.0476570520594147 -0.2905863432502159 -0.9556612278969331
0.1812639640249674 -0.2205766792986455 -0.9583784763315263
0.4267562376012436 -0.1590062284418365 -0.8902786827646348
0.4538496439669725 0.0805372042890972 -0.8874312702380667
0.3073458921153938 0.2691482684357925 -0.9127418650406079
0.1193686475701780 0.4293833149650325 -0.8951989135420721
-0.1483816582575300 0.5000688585929288 -0.8531787738559315
-0.3003813797836322 0.2843454968227851 -0.9104497048798933
-0.3895106701284886 0.0456328078078768 -0.9198908004255859
-0.4565708110561612 -0.1890559027178464 -0.8693681384425469
-0.1545493869586493 -0.5303071055257760 -0.8335999405107819
0.1020599222611409 -0.4629030674457579 -0.8805137832069172
0.3334774984695486 -0.3816751392727376 -0.8620422530686234
0.5734140617635715 -0.3567784331173977 -0.7374994667347887
0.5621490306585301 0.2812961460016293 -0.7777280665980270
0.3562195262560092 0.5120240657652376 -0.7816258729028741
-0.2453513455587024 0.6852465749324046 -0.6857403654269907
-0.4391632075634271 0.4698228023050812 -0.7657690327747675
-0.5325051036617072 0.2288918284638974 -0.8148906953921417
-0.6426525304031677 -0.0039062808089123 -0.7661478095881027
-0.4258972828470063 -0.4958210495165691 -0.7568176737628588
0.0331210698174786 -0.6827841272463721 -0.7298690501141665
0.3259519101666178 -0.6083795058282003 -0.7236226427821119
0.5820032385986710 -0.6362113850703992 -0.5064655010634610
0.6520634904349595 -0.0412653190464528 -0.7570405391296903
0.6244306918250601 0.5236702822390523 -0.5795306261161255
0.0779747073901298 0.6599625454900614 -0.7472411816526858
-0.5669280621584797 0.6451766072803918 -0.5121910949590922
-0.7432928744810408 0.2955640278221820 -0.6001313257973125
-0.8585847497318982 -0.1008657749761240 -0.5026512936084813
-0.6444527993332961 -0.2992265829515233 -0.7036647223547826
-0.2708825392256879 -0.7577157707125344 -0.5937082286411007
0.1536513714770731 -0.8642043197631817 -0.4791055726516557
0.8171984502628512 -0.2391281855641170 -0.5244086228856345
0.8091263029587553 0.1858136404233456 -0.5574835575090268
0.3349600629685616 0.7713056768501051 -0.5411924880067153
-0.0758084850257805 0.8792411936371151 -0.4703062800023802
-0.5006845908923880 0.8653309206397399 0.0227450704044221
-0.9450272290987930 0.3232988498752349 -0.0490039787283410
-0.9080956264855176 -0.4109939103601356 0.0802890951796092
-0.6489514218466421 -0.5818270197685539 -0.4902441954276095
-0.3753611436478840 -0.9267496302388245 -0.0154639804563569
0.3104429103721892 -0.9424809104334845 0.1239150227701026
0.8375052321778665 -0.5448988913390274 0.0408678882766987
0.9962617536445838 0.0856636670150133 0.0111469448083098
0.7453831044464733 0.6652858562254795 -0.0424117567670619
0.1903454380615965 0.9702406112430245 0.1496722101924774
-0.2611053638983545 0.8052203045560318 0.5323948253638454
-0.6668644597614702 0.5281764698322158 0.5256628282679124
-0.8451977410708187 0.0919902049764386 0.5264775215307660
-0.7418686837495856 -0.3223896723376784 0.5879589741144035
-0.1000659077272514 -0.8178115719103772 0.5667195487718764
0.6157656454459465 -0.5539643624865794 0.5603179052853607
0.8239205411614089 -0.1607292585033420 0.5434344922005384
0.7846772078082221 0.2602412628615481 0.5626332416863750
0.5661705369821810 0.6178324743426606 0.5456500313396258
0.1696423136228062 0.7636599542064992 0.6229325483308998
-0.3979141792228250 0.5404797490673486 0.7413136629130218
-0.6135452761368273 0.2554460552966988 0.7472011154726285
-0.6436037256155769 -0.0633365813668661 0.7627337162040941
-0.4888431742456430 -0.4059834620259302 0.7721462164349989
-0.5034784579485485 -0.6689778131578364 0.5467889244345668
0.2910790330857290 -0.7433105743636620 0.6022975896822433
0.5933241275231984 -0.2858901991656610 0.7524847332138068
0.6300955713150351 0.0110867611571232 0.7764384423354014
0.5415558206581594 0.3038604792302561 0.7838278524479890
0.3542168899850658 0.5343057195822908 0.7674944904499041
-0.1026136073262978 0.6420263945598111 0.7597845459602439
-0.3771003891483763 0.3097845920004083 0.8728280489668534
-0.4310212300950707 0.0735289489504835 0.8993409769790152
-0.4393124641779104 -0.1727899462505100 0.8815600905739086
-0.2376210623291238 -0.5853922195857525 0.7751465538761330
0.0871825209014140 -0.6089026980579032 0.7884394157746557
0.3697572248660672 -0.4795170266144795 0.7958285090684759
0.4053087685984139 -0.1901875934355153 0.8941775446746829
0.4102531576602612 0.0695496877320846 0.9093157798950562
0.2895719726637315 0.3114572760508914 0.9050648804602872
0.1040213939815665 0.5014597241267351 0.8589049392528084
-0.1561013568919406 0.4187301612101479 0.8945934375287014
-0.1959184037017433 0.1693285267091957 0.9658901744678086
-0.2294634386489302 -0.0741782493910072 0.9704865365581813
-0.2526076643671396 -0.3252370445307911 0.9112684745824661
-0.0440432728358235 -0.4323522951040178 0.9006284933512806
0.1866272797680999 -0.3481903890615215 0.9186586479272623
0.1950043357563991 -0.1088673749167839 0.9747416086917260
0.1907598223269033 0.1126653518507183 0.9751498390904663
0.0296549316059944 0.2741451293715700 0.9612309988100097
-0.0150716189247896 0.0261552594574269 0.9995442705081655
-0.0265027268698197 -0.2071692171743701 0.9779460726051423
