-0.0755781684559982 -0.0641912789034134 -0.9950715653487345
0.0765689214754324 0.0007307168488763 -0.9970640231785399
0.1606132663924952 0.1486053040762998 -0.9757662846497228
-0.0288106046715449 0.1363455186062840 -0.9902423181294785
-0.1920680991903115 0.0713014130926825 -0.9787880024624368
-0.3500049598833218 0.0025261864248222 -0.9367444403033420
-0.2357423878139149 -0.1321755057562799 -0.9627851070025261
-0.0872306656341504 -0.2499004450194308 -0.9643342670216141
0.0832685904439598 -0.1743545897412999 -0.9811558586084165
0.2356090466333496 -0.0472233361247724 -0.9706999194755148
0.3393713714907552 0.1081130168004238 -0.9344188824134468
0.2400241255534776 0.3019510787759897 -0.9226125758834552
0.0382119612137571 0.3045850353750217 -0.9517183418668546
-0.1604901753468237 0.2630778291518164 -0.9513322024539659
-0.3405195177350574 0.1835409761239960 -0.9221492114213049
-0.4234226744312954 -0.1616501886640085 -0.8913935468031725
-0.2729826399705160 -0.3113125917317127 -0.9102554303622756
-0.1044819188379498 -0.4275895985713453 -0.8979146194541749
0.0791016775148863 -0.3556330564167926 -0.9312722769405204
0.2520733175743809 -0.2411012979582059 -0.9371921930372199
0.3999212404184695 -0.0997408676547229 -0.9111063388988334
0.4330820813266137 0.2688266540411012 -0.8603325757582788
0.1178713874983713 0.4678146327928222 -0.8759313930634783
-0.1027750846506193 0.4402011537498211 -0.8919978846456893
-0.3151108876645566 0.3711094689442824 -0.8734889183814228
-0.5133188672271579 0.0448912378518894 -0.8570230552982531
-0.4632147937057562 -0.3432708517127596 -0.8170662012692304
-0.3037534929526004 -0.4961244096524191 -0.8133845250962999
0.0806136952387809 -0.5442556698391839 -0.8350372434735173
0.4144273700328120 -0.5022675904606370 -0.7589316323230655
0.5755914028921215 -0.1526580201847414 -0.8033617278598442
0.6149256294662271 0.2167909681848640 -0.7582005976910289
0.3325977846460680 0.4559824328921997 -0.8255051390162501
-0.0237260901080904 0.6110364135565238 -0.7912468476753405
-0.2655769026901830 0.5533036187741858 -0.7895087169935996
-0.5035531743654553 0.2494501689519888 -0.8271691567003073
-0.6074391936488480 -0.1389277837777682 -0.7821231980409704
-0.4982834515759546 -0.5438520028130825 -0.6752322570210580
-0.1156780883770114 -0.5983638776381782 -0.7928298996677936
0.2512941813497007 -0.4334254586747599 -0.8654441669988641
0.4264010272666011 -0.3006481063123918 -0.8531077775502695
0.5172156728249644 0.0550178438682323 -0.8540848814024927
0.5591194661739614 0.4197349476320633 -0.7149881091889945
0.2009287538069945 0.6381258856185138 -0.7432516330269014
-0.1829023171119993 0.7223267782861418 -0.6669263585777853
-0.4835854061134964 0.4649298506390275 -0.7416099978956705
-0.6907110631415427 0.0714184048651305 -0.7195954687881241
-0.6481299913245933 -0.3348676100827286 -0.6839526285226664
-0.2711808774436708 -0.7021594077073167 -0.6583563608540522
0.2533261891112438 -0.6502728157516100 -0.7162200129882206
0.5964574495761873 -0.3881934737180903 -0.7025271082369365
0.7118021554652635 0.0283086243122464 -0.7018093140337716
0.6661107950525040 0.5793042303279188 -0.4697903973461979
0.4269684701542214 0.6027600676820679 -0.6740758312698004
0.0653101397895203 0.8025950931272577 -0.5929381941895140
-0.4448050106376181 0.6716135431304695 -0.5925232073053387
-0.6643196343594481 0.3027010306454073 -0.6834116690917249
-0.8123292620329414 -0.1353496982498905 -0.5672756201606769
-0.4956308476121853 -0.7420489101882164 -0.4513462947490621
0.0228419811013436 -0.7403785382660746 -0.6718019529402670
0.5187824212278236 -0.6456794871507239 -0.5603238343117087
0.7430450132642469 -0.2054775394023598 -0.6369168619720211
0.7825964367266309 0.2830318473033356 -0.5544689266630203
0.3614417341106423 0.7896040540193665 -0.4958682392725641
-0.2313990086805318 0.8772123255133463 -0.4206578594881286
-0.6985291737521292 0.5048564582923204 -0.5071261676720128
-0.8581016583003859 0.1803337703281016 -0.4807715416924958
-0.7549929767074528 -0.4643860580291319 -0.4629591712349841
-0.1198072422371809 -0.8864970860882107 -0.4469554128373803
0.2585121497407232 -0.8387096064819408 -0.4793095705609662
0.7784635938030796 -0.4403430052922190 -0.4473169690649022
0.8941716036173694 -0.0231036245410603 -0.4471279076700626
0.9419674811213868 0.3269912256229165 -0.0759868598867772
0.2144917094614409 0.9131718129550618 0.3465696850514688
-0.2718259927715444 0.9546097903971115 0.1217816806081580
-0.6837300159407375 0.6378139772663763 0.3545512596301489
-0.8918360207435301 0.0671470145462146 0.4473475053488912
-0.7843180050242587 -0.6203498290303602 -0.0033699579774675
-0.3760673582235387 -0.9265921548679446 -0.0005662295891716
0.1581573027759469 -0.9869857513352399 0.0290756640482981
0.6302101511823360 -0.7673728040718317 -0.1182122875071421
0.9684399701478383 -0.2491254285607469 0.0077810709081811
0.7649619132945058 0.4873063545689301 0.4211481782051884
0.6245635801392064 0.7809438216587415 0.0068616161898462
0.1548141158025736 0.9709026661526839 -0.1827035916611313
-0.6269037564520382 0.7564460966777156 -0.1864966030987469
-0.9324081608986280 0.3613337647683335 0.0072754331816662
-0.9832159964616431 -0.1435813360052783 -0.1125642227924914
-0.5959058508112893 -0.6591645856381101 0.4586919075037318
-0.2155842726245326 -0.8732128776470343 0.4370614278432002
0.4497274770498562 -0.7785040446978612 0.4378089181086212
0.7536881610222693 -0.5621524853737114 0.3404977813775427
0.9032490731872126 0.0767396225111214 0.4221991735227486
0.4723148062175783 0.7103175903911232 0.5218885365751963
-0.1001027277122474 0.8399586559579537 0.5333375105745665
-0.3932666687024305 0.7622433625923948 0.5141268165263624
-0.7506779626034852 0.3582263820919566 0.5551184158670903
-0.8592651488829885 -0.3139896550956321 0.4038240958734648
-0.3594064960682219 -0.6863105946705453 0.6323011452045026
0.1282455859415190 -0.8445283732577207 0.5199277800321738
0.5884181938603710 -0.5113476543099180 0.6263286721569145
0.7422191607185303 -0.0501652496130519 0.6682770123186498
0.5639028718300279 0.4824152641350034 0.6702902834380058
0.1716063225049746 0.7498029490312078 0.6390201934997224
-0.2881079542804730 0.6350568397706655 0.7167263194140537
-0.5284013997495369 0.5424446366382074 0.6531047212546952
-0.7098673260656317 0.1188744946044659 0.6942313979624969
-0.6678299994304709 -0.3999405800274260 0.6277345173781854
-0.4715866382627912 -0.4929594401668146 0.7311614274306460
-0.1069783354357375 -0.7226596326276149 0.6828753115451748
0.3558975379781302 -0.6403045763641145 0.6806959614602375
0.8018419471160143 -0.2760077875611236 0.5299709360434894
0.7293329283409427 0.2516060056229738 0.6362137200438839
0.3204233587743055 0.5923136615322829 0.7392519174909273
-0.0619360099216423 0.6831913774314300 0.7276080486624180
-0.3605146606967999 0.4465374029852079 0.8189221740543463
-0.5607112577981577 0.3327312918791355 0.7582168375754059
-0.7371196818854213 -0.1382374578549184 0.6614718284424098
-0.3550927487102274 -0.3576467028623077 0.8637117434336155
-0.0251111114858341 -0.5566647925572230 0.8303575981510436
0.2138010792130813 -0.5119105224349079 0.8320076415200413
0.6096377313296378 -0.2838683197250415 0.7401085147434354
0.6165010929005301 0.0996549514536584 0.7810219543029637
0.3900413996123130 0.4162453561166098 0.8213449397785467
0.0916601158916155 0.5714657905961674 0.8154908174424975
-0.1412686598776314 0.5157337169688764 0.8450218333971289
-0.3812471593676158 0.2539124193153383 0.8889201802139243
-0.5709621538007164 -0.0569719351254619 0.8189972023977294
-0.5455992340369615 -0.2701416658834283 0.7933126471776478
-0.2509788202960745 -0.5515477481094256 0.7954902345838145
0.1254752157051716 -0.6774787179241956 0.7247610344130877
0.4196184935200850 -0.4325704571956046 0.7979994482814635
0.5568953360653943 -0.0881056081041986 0.8258964744380503
0.5285206140655789 0.2823683827233082 0.8005835727430127
0.2052968297436872 0.4264277325696882 0.8809157738357657
0.0041990841284922 0.4023507967041597 0.9154759440225668
-0.2016519558752112 0.3416816006367160 0.9179271062987701
-0.5361322271342123 0.1413464188050003 0.8322159725210222
-0.4019578599481787 -0.1526100354140010 0.9028510707291749
-0.1572657176831644 -0.4121452149860190 0.8974429317821426
0.0649143342677510 -0.4042550980682934 0.9123398187585419
0.2525931160960027 -0.3282719327607235 0.9101836385380977
0.4216610449514400 -0.2384940137657830 0.8748271649693704
0.4426019058310629 0.1135254883896307 0.8895029603326831
0.3206980435694324 0.2522191560451529 0.9129831664245563
0.1399427469359165 0.2643161949518987 0.9542289959261245
-0.0582357297117004 0.2341491045513782 0.9704549431182952
-0.2333895064087604 0.1508493080353008 0.9606111724124107
-0.3943075697891155 0.0447613822315368 0.9178877704097185
-0.2313218733707773 -0.2264117285329285 0.9461648482600511
-0.0613911237857864 -0.2821710029734234 0.9573978561712422
0.0990682452450404 -0.2233267794166229 0.9696961546688053
0.2511641727857483 -0.1352377627124061 0.9584504712531543
0.3895760565481489 -0.0501663224680546 0.9196270093110711
0.2502521927726803 0.0748171918981767 0.9652855680102841
0.0769369711248356 0.1167953094623887 0.9901714791700078
-0.0827611217773765 0.0521228228483875 0.9952054099835198
-0.2406014960531003 -0.0430959088864435 0.9696667792258644
-0.0702291717219286 -0.1178850117071218 0.9905407550697061
0.0958663171680487 -0.0461006735741029 0.9943260919480335
