0.0000000000000002 0.0000000000000002 -1.0000000000000000
0.5194231744823659 -0.2868229761818690 -0.8049423247319257
0.4332954487081703 0.4053676207887701 -0.8049423247319258
-0.2516318600100794 0.5373539437680073 -0.8049423247319258
-0.5888124908467548 -0.0732646195513413 -0.8049423247319261
-0.1122742723337025 -0.5826339688235667 -0.8049423247319257
-0.5194668345703611 0.2867438955524814 0.8049423247319255
-0.4332337302694443 -0.4054335812583671 0.8049423247319260
0.2517136641909398 -0.5373156289507435 0.8049423247319262
0.0000000000000001 0.0000000000000001 1.0000000000000000
0.5888013301722229 0.0733542598802801 0.8049423247319258
0.1121855704766421 0.5826510547763495 0.8049423247319261
