-0.1341164594004098 -0.0083337164764411 -0.9909305346428621
0.2165996965333100 -0.4210160167278786 -0.8808121735763356
0.4035600602128496 0.1077717589982292 -0.9085838022788151
0.0486439890586484 0.5171021874325257 -0.8545402799640045
-0.4422500284220472 0.4041662716064382 -0.8006650593453227
-0.6524452297054998 -0.0534624945001914 -0.7559477388790542
-0.3310087830667323 -0.4950449601611626 -0.8033453011947689
0.0287664876411806 -0.8495356392399761 -0.5267463211546094
0.4898378107680035 -0.7053519953401800 -0.5123841154950416
0.7227435606364881 -0.2787979950195856 -0.6323870836216929
0.7989047986432506 0.2136503730639995 -0.5622318390080741
0.5245672561768306 0.6102700012446139 -0.5936326467841961
0.1024846963118850 0.8748478382129449 -0.4734323045547247
-0.3883525960738256 0.7986872518876552 -0.4596530591596942
-0.7845918114590649 0.4720417280730731 -0.4019854429567943
-0.9466835362963661 0.0127527206513904 -0.3219124884520547
-0.7854264573239954 -0.4592491948377593 -0.4149644047100279
-0.4433834758624610 -0.8106416001360983 -0.3824542972185157
0.3745347438015759 -0.9263212642162572 -0.0406526892872166
0.8086669968973749 -0.5717416462456123 -0.1384528009010227
0.9850337853300793 -0.0439421441596276 -0.1666659225065214
0.8536575343016665 0.5077749908876407 -0.1159024277530702
0.4636563424553158 0.8801457232383668 -0.1018150380158609
-0.1350678888350106 0.9906821111693036 -0.0174819911561832
-0.6336293347090058 0.7713340926064128 0.0596454841481263
-0.9408676003405987 0.3212085073205145 0.1076719715350776
-0.9553202771504986 -0.2747847985840489 0.1088874764709797
-0.6812644831212774 -0.7281375034851143 0.0754617787755099
-0.1492230431408994 -0.9887947106123236 0.0041837376663293
0.6177917271743245 -0.6816689120751644 0.3919960154711101
0.9145065955829789 -0.2895820435648322 0.2825242054763550
0.9146323996478595 0.2096418338328048 0.3456846467831874
0.6481257074613861 0.6576853467810067 0.3839050038189458
0.2097463315478757 0.9119162818887122 0.3527253481513276
-0.2770524436070586 0.8222822859189914 0.4970852902221062
-0.6677595568423029 0.4886689111283514 0.5615156894890849
-0.8466273084152595 0.0244669057677213 0.5316235239036047
-0.6831360200103489 -0.4512222359579374 0.5742157015804599
-0.3475623041123715 -0.8132051830779191 0.4667952173869258
0.1406710600092876 -0.8691313553996332 0.4741543418941347
0.3003917187219808 -0.4950589084868674 0.8152800086173130
0.6666737595451662 -0.1882815444959261 0.7211769258206633
0.5673543006895070 0.2837974091651786 0.7730253087967126
0.1968507600955390 0.6035805642858476 0.7726191045179936
-0.2442128153381035 0.4144989368503514 0.8766702528171957
-0.4584319585747117 -0.0308253444047800 0.8881947632696787
-0.1923470490211356 -0.4793938203601237 0.8562617460411194
0.1299452494106885 0.0111043244704762 0.9914589886292061
