-0.0460868389440892 -0.0294374130149231 -0.9985036013911670
0.2882917892913829 -0.0265181332626386 -0.9571753406954433
0.1250953170598170 0.2653628377969641 -0.9559988106509578
-0.0440931985411338 0.5228263613019516 -0.8512980593013080
-0.2170690421344798 0.2684559020949094 -0.9385160944689377
-0.3743430280172433 -0.0074404754983221 -0.9272604470693444
-0.5052423478872020 -0.2649799690895601 -0.8212891000632624
-0.2170210232437886 -0.3204099572402893 -0.9220842340976745
0.1017212969908142 -0.3342176829074205 -0.9369905646112460
0.4155345914330479 -0.3144402814492189 -0.8534976934501380
0.5925982488366500 -0.0343279921733375 -0.8047663663629856
0.4372489464533238 0.2783643005671808 -0.8551763999288116
0.2507275517426590 0.5618470023293610 -0.7883296523476985
-0.3410603987972060 0.5460943576553657 -0.7651527670401933
-0.5328407168379712 0.2610477451546139 -0.8049440013002698
-0.6779805582703663 -0.0236557170327591 -0.7346991014415822
-0.4340637887436604 -0.5431175545157072 -0.7187572255486387
-0.1146035009085068 -0.6038369863865979 -0.7888262999235418
0.2042309969508939 -0.6054693852207624 -0.7692181247506041
0.6932211928155926 -0.3315098792218443 -0.6399574812514074
0.7018804795496173 0.2491137192570771 -0.6673126308598581
0.5459315981237777 0.5437433406327050 -0.6374181278310213
0.3110788166734706 0.7742542656673147 -0.5511445381322403
-0.0506699068318300 0.7630655376768223 -0.6443318599538874
-0.6249827234519943 0.4925215543409238 -0.6056559368949737
-0.8016611076230520 0.2167138176902595 -0.5571127262472958
-0.7121658104321759 -0.3533305667139806 -0.6066113822514867
-0.3049541258950004 -0.7779445247704923 -0.5493680892436594
0.0369402607127315 -0.8228294097831220 -0.5670865714636827
0.4902122768191291 -0.5578240474131207 -0.6697195351663635
0.8264662171986269 -0.0727785426795111 -0.5582623716092987
0.7778055658062415 0.4816330268568802 -0.4037921857113042
0.3378561480944619 0.9145081859655383 -0.2225488732768455
-0.2211205895727697 0.9247578614657411 -0.3097233967983367
-0.6392274455658523 0.6739904902988376 -0.3703040532077494
-0.9611463934917659 0.1338407220204874 -0.2414213565673219
-0.8545091409813956 -0.4093913012729746 -0.3197075076085293
-0.4796272856151073 -0.8362588872093935 -0.2657606826767103
0.2030515756364697 -0.9381331001623283 -0.2804930373670016
0.5394745832662164 -0.8163439230561458 -0.2062759639391939
0.8717362486691052 -0.3523425962558998 -0.3404858405572366
0.8861541619856914 0.1910030415628662 -0.4221950252065640
0.5844258914881668 0.7360192870642366 -0.3416459957729847
0.0725374346667902 0.9142164411824181 -0.3986810996820837
-0.3750175546374227 0.7610956290728973 -0.5292402829716371
-0.8443522762212150 0.4301111357361341 -0.3194896626744376
-0.8747569111064016 -0.0976916594815933 -0.4746121428485784
-0.6272533076998157 -0.6332897191435152 -0.4533182321579047
-0.1478093356126828 -0.9392879199350634 -0.3096620799675014
0.3692089187463187 -0.7832581661328303 -0.5001913828770042
0.6748247187166235 -0.6074617174304209 -0.4190487571458880
0.9683798317032051 -0.0594165319695993 -0.2423018309447491
0.7955896995632031 0.5986163424504954 -0.0932496890081855
0.0208333814076067 0.9961793530139416 -0.0848095917208066
-0.5010068119575143 0.8483948244757546 -0.1709338941664919
-0.9411426624063161 0.3380094521679942 -0.0003150299088911
-0.9214595027330289 -0.3850883642704196 0.0511794541445269
-0.5958308545406010 -0.8022747273690771 0.0366176815526341
0.0086133720138826 -0.9995807131929871 -0.0276443056550483
0.3520821702082657 -0.9356334290270598 0.0250645548235654
0.7957857318835453 -0.5956579789034965 -0.1091633688522483
0.9977599813966588 0.0281045158362277 0.0607054833845389
0.9091620018363965 0.3892717985086098 0.1479591879631292
0.2822292705047818 0.9537691343531634 0.1033009062184653
-0.2885681612991535 0.9565298326558036 0.0421793257874749
-0.7643028144057797 0.6403275739940020 -0.0763007593301684
-0.9717680273529021 -0.1658737592800246 -0.1677879524786022
-0.7659765991616009 -0.6305829991750850 -0.1250796973460644
-0.3093156369201284 -0.9509381292799991 -0.0063648282106459
0.1337035064262162 -0.9592548371239376 0.2489046601083688
0.6224745161285892 -0.7714575224611133 0.1318285546027102
0.9535673790467810 -0.3011750489065373 0.0016862781494343
0.9454418876321294 0.2920585754995025 -0.1443655969675508
0.5727661774557402 0.8197182087686651 0.0009819245544360
-0.0410011210810123 0.9682654991473966 0.2465376872426266
-0.5691701484377402 0.8070447610061628 0.1572389769105175
-0.9936672425662773 -0.0226964239989828 0.1100467327474530
-0.7532478027454457 -0.6059389347326983 0.2558432235455164
-0.4575602639452435 -0.8388291552935365 0.2949648336461337
0.0608489503073695 -0.8420078511564466 0.5360225590750771
0.5948846600339215 -0.6598564465242526 0.4590225607055844
0.9213835814792795 -0.1839796334855658 0.3423503910366292
0.7842651098418658 0.4024699808370741 0.4721717399524577
0.4806297147186460 0.8095387501951331 0.3371084235998485
-0.0596380838807734 0.8126181219410245 0.5797370842408412
-0.5615810494899098 0.6801832436052077 0.4711448609212565
-0.9189426109604992 0.2529060257209989 0.3026268658184696
-0.8756073101928650 -0.3172472559267183 0.3642334648872659
-0.5532117894200765 -0.6566558867199903 0.5126009778400936
-0.1638470977216811 -0.9431757588615090 0.2890910176124442
0.3794857653194784 -0.8471890894112823 0.3718349105481785
0.8282245643681403 -0.5186611241000255 0.2122138292489492
0.9333735562059936 0.1422310237226679 0.3295210774232488
0.7276327462976463 0.6390388321047522 0.2493590936331367
0.2006248346176233 0.8884992820729489 0.4126968639213359
-0.3193350763334212 0.8660077796828121 0.3847799820052675
-0.7946597024242288 0.5659211870064066 0.2196569312366355
-0.9034909165248010 -0.0295557355770245 0.4275869762418825
-0.6736152028834616 -0.4140714259723515 0.6121988342340227
-0.2571340468378785 -0.7798972307479139 0.5706508489685358
0.2980232514167207 -0.6806503025312363 0.6692513035318965
0.7641040662462777 -0.4154122302817745 0.4935358699002798
0.8059027995390931 0.0841727178143264 0.5860338141018845
0.5461682754940063 0.6078332832326740 0.5764016955548371
0.2547280301390964 0.7097311590329910 0.6568069066012800
-0.3128602724626471 0.6508521891692328 0.6917440840138898
-0.7502150871598172 0.4411713629897063 0.4924887323336372
-0.7559411206292936 0.1775842726296412 0.6300927298869025
-0.7213770945575546 -0.1277573378874679 0.6806564111676376
-0.3708610428808112 -0.5262862531268629 0.7651698286282888
-0.0412491645835404 -0.6268040345921644 0.7780843197495659
0.5117769442742781 -0.4568535612051683 0.7275776129894583
0.7119757242111180 -0.1984330958218112 0.6735836062558426
0.5881266224653338 0.3346605371531509 0.7362807893866873
0.3023289865330183 0.4530065073167310 0.8386788945899466
-0.0142875818322303 0.5660682146585627 0.8242345790845315
-0.5398359937658627 0.4229593054722877 0.7277929140553813
-0.5148140162980813 0.1054348828504402 0.8507937553257857
-0.4595347215179588 -0.2274936296948899 0.8585304235539102
-0.1412695094812319 -0.3315127956771023 0.9328141251038622
0.1898468966028335 -0.4266490839453799 0.8842673323259439
0.4091548078892993 -0.1934734485330650 0.8917176503208816
0.5863192083306680 0.0438541721986109 0.8088922038957189
0.3268274968779419 0.1431644293524346 0.9341775706217157
0.0286212922828546 0.2515306755261154 0.9674260389804668
-0.2728171877686810 0.3515228955184219 0.8955458871461210
-0.2213180451120766 0.0078113768745409 0.9751703980838902
0.0976302225659627 -0.0992133397144867 0.9902651427089708
