62 73 72
61 51 62
35 46 45
52 51 41
54 33 44
47 37 48
39 50 49
31 42 52
79 73 74
30 41 51
33 54 43
46 36 57
34 45 55
38 59 48
58 68 47
37 47 36
61 40 51
71 60 61
39 49 38
29 40 50
60 50 40
71 79 78
30 51 40
43 54 53
42 53 63
43 53 42
56 66 45
75 67 76
54 44 55
34 55 44
46 56 45
69 58 59
46 57 56
36 47 57
48 58 47
67 77 76
48 59 58
38 49 59
60 49 50
64 63 53
40 61 60
62 51 52
54 64 53
55 65 54
62 52 63
42 63 52
67 66 56
70 71 78
54 65 64
55 66 65
45 66 55
56 57 67
69 68 58
75 74 65
67 57 68
47 68 57
70 59 49
71 70 60
59 70 69
49 60 70
72 61 62
79 76 78
61 72 71
73 62 63
63 64 73
74 64 65
64 74 73
75 65 66
66 67 75
68 77 67
77 78 76
74 75 76
68 69 77
71 72 79
77 69 78
70 78 69
73 79 72
74 76 79
0 5 4
8 17 7
2 0 3
22 32 11
9 8 1
1 0 2
4 13 3
11 2 3
3 0 4
0 1 7
4 14 13
6 15 5
5 0 7
17 6 7
5 7 6
1 8 7
1 2 10
19 18 9
27 17 28
1 10 9
21 2 11
12 11 3
14 24 13
12 13 23
3 13 12
5 15 4
14 4 15
42 31 32
26 6 16
26 15 6
8 28 17
15 26 25
6 17 16
28 8 18
8 9 18
19 9 10
10 2 21
40 29 30
10 20 19
22 11 12
32 21 11
10 21 20
33 12 23
41 20 31
23 24 34
13 24 23
35 14 25
15 25 14
25 26 36
27 37 16
27 16 17
18 29 39
39 28 18
18 19 29
30 19 20
19 30 29
20 21 31
32 31 21
22 33 43
43 32 22
12 33 22
44 23 34
24 14 35
24 35 34
46 25 36
37 26 16
37 36 26
48 27 38
28 38 27
38 28 39
50 39 29
41 30 20
41 31 52
42 32 43
23 44 33
34 35 45
35 25 46
48 37 27
