0.0207336462778665 -0.0617839320794278 -0.9978741712504784
0.1575234692908200 -0.0136610907977172 -0.9874207468049274
0.0501645503704710 0.0865535341511779 -0.9949834187623778
-0.0699610475322496 0.1860037457290173 -0.9800551302875596
-0.0816689142296832 0.0447509976198882 -0.9956543258885432
-0.2015008473128935 -0.0035149849943575 -0.9794820332260696
-0.1111090294858969 -0.1098968850778154 -0.9877132469582938
-0.0165576442367821 -0.2153305677049593 -0.9764008352255686
0.1203311195879368 -0.1642837709269838 -0.9790460991540306
0.2586158962280154 -0.1179440355706165 -0.9587528475532667
0.2917007612238581 0.0431950864356941 -0.9555338039071326
0.1852168014379955 0.1379169127008896 -0.9729715626143105
0.0728908108612820 0.2291180660249449 -0.9706656692770038
-0.1668950393883772 0.2923459699537059 -0.9416368087959278
-0.2167183274137766 0.1358950909897465 -0.9667293782687395
-0.3302329134391745 0.0131754881411913 -0.9438075171313884
-0.2557059526437151 -0.1314267118864761 -0.9577794553994563
-0.1617886201631319 -0.2507684767944278 -0.9544315656095582
0.0883432529641161 -0.3140750433158158 -0.9452789730137271
0.2328159774787906 -0.2572019168688224 -0.9378933279374572
0.3747791605448371 -0.0559156913714711 -0.9254263970082967
0.3280361494527775 0.1808601568413241 -0.9271903193624956
0.2201525694640369 0.2835228722934049 -0.9333528952357087
-0.0308446308429475 0.3346189979569302 -0.9418485732613615
-0.2967645183577559 0.2485885112579549 -0.9220274251422476
-0.4780554795035931 0.0120926901584289 -0.8782463921709681
-0.4523747971588398 -0.2570528295543125 -0.8539794410368555
-0.2208633163214130 -0.3907013600615890 -0.8936284701986235
0.0501419566215749 -0.4599418046650248 -0.8865321880832304
0.3362132746542569 -0.3427862798114296 -0.8771876653939574
0.4940159240199911 -0.0785690910721712 -0.8658955853581697
0.4502793364087774 0.2306527458546312 -0.8625820714766741
0.2147832594955900 0.4578627236602428 -0.8626875898741526
0.0263946700541520 0.4784633970893896 -0.8777107148932463
-0.2820837126840763 0.3941890324265216 -0.8746678145176089
-0.3864070475155597 0.1402666712847194 -0.9116001615604357
-0.3961420869446591 -0.1216180425043041 -0.9100991696999572
-0.3094255454901636 -0.2641146241910059 -0.9135093305963319
-0.0629139993187009 -0.3608210347515801 -0.9305106176559865
0.1995521434232010 -0.4104048579638851 -0.8898015478829252
0.3958764855293830 -0.2063056151950732 -0.8948294817136316
0.4545060768058742 0.0752151090542404 -0.8875623434534002
0.3440826723564290 0.3488886066979876 -0.8717131722650491
0.1098439453007347 0.3667736514902575 -0.9238026825319746
-0.1312321415088098 0.4436564638636047 -0.8865365571182351
-0.4260160024624171 0.2951889872990076 -0.8552039683159381
-0.5429625015794769 -0.1367018400686307 -0.8285555677203593
-0.2893784929646494 -0.5267349518717416 -0.7992561405996093
0.0184339180229533 -0.5960584639037712 -0.8027294053882664
0.3439755606786248 -0.4835134127684336 -0.8049196191725284
0.5642659638114498 -0.1957678398229651 -0.8020466788005456
0.5828515204984790 0.1627941555445546 -0.7961043700251534
0.3895180827099989 0.4840961857050652 -0.7835346490281929
0.1017034022833288 0.5934291933077737 -0.7984348505007034
-0.2451314621274157 0.5462686624697343 -0.8009376471853493
-0.5609426516970613 0.3373752600628739 -0.7559902614482396
-0.6226220969605718 0.0062371069656217 -0.7824978101395043
-0.3828995802868830 -0.3956219008518174 -0.8347881305951370
-0.1144549528666408 -0.5023447995454448 -0.8570587880267851
0.1881518737492285 -0.5550880163934904 -0.8102321682462346
0.4789271292491070 -0.3448235115048596 -0.8072952067135462
0.6087835479950338 -0.0083384638495104 -0.7932925448478694
0.5132196169836111 0.3531848024787372 -0.7822187162432582
0.2656847271530365 0.5903941227567129 -0.7621328004829263
-0.0861604991905383 0.5904135796660839 -0.8024887371951821
-0.4141673063098642 0.4544556622394116 -0.7886288692677749
-0.5313838821511971 0.1638941296957612 -0.8311256728324493
-0.5564615336940901 -0.3435638224111390 -0.7565146802601180
-0.1683318554764657 -0.6383285406989385 -0.7511331843028998
0.1637638432983339 -0.6972321787396381 -0.6978887393833891
0.4981580090632511 -0.5014893987126174 -0.7073520912423992
0.7148252768197504 -0.1355802174319329 -0.6860341305362854
0.6626469449707990 0.2923486254124572 -0.6895152699834236
0.4024564438858890 0.6582917072757093 -0.6361452970090686
-0.0060049538630006 0.7107296000058743 -0.7034396748866197
-0.5449703014934161 0.5219940427642390 -0.6561475366172010
-0.7574314038665479 -0.0209721828635586 -0.6525778390220494
-0.6673335806798363 -0.4326839004099796 -0.6061769827558907
-0.3380096384765633 -0.6727581607462814 -0.6581382388573268
0.0626141139553641 -0.8294332797803551 -0.5550854953305734
0.5070964310091313 -0.6762925117683315 -0.5343048270265602
0.8009168554630239 -0.2993652461438689 -0.5185678740882841
0.8175376816518647 0.2206417740191992 -0.5319298324374702
0.5758794295620301 0.6846698977290163 -0.4467549817864925
0.0170038139074488 0.8412204558958836 -0.5404248466668817
-0.3677739891334239 0.6128107824807743 -0.6994320823297923
-0.6700244444209819 0.1783507290482128 -0.7205957683239096
-0.6626267701822709 -0.1975271603811325 -0.7224325465741270
-0.4695146033123095 -0.5094528945993231 -0.7211198135267507
-0.0309482818514344 -0.7213017709480267 -0.6919291575571047
0.3443911136920219 -0.6357139822204647 -0.6908418730935233
0.6365355329490617 -0.3260585348210763 -0.6989337215813721
0.7276590038337272 0.0820205746525123 -0.6810176205307610
0.5422956613622046 0.5080641342431841 -0.6691683279739509
0.1892457532462160 0.7289148967778259 -0.6579278973669104
-0.2006365691145623 0.7200061034547426 -0.6643313767404457
-0.6991233434535186 0.3719862672806503 -0.6106167108694145
-0.7878929656010395 -0.2241783363384822 -0.5735579728962972
-0.5251471604673711 -0.6344147971531340 -0.5672198207099300
-0.1830088863109499 -0.8051884094077399 -0.5640739072911098
0.2921870165684951 -0.8064084098337488 -0.5141324964425090
0.6528496105393744 -0.4863474536206511 -0.5807353445204587
0.8532253371857133 -0.0498238529564269 -0.5191571126941268
0.6976073768549028 0.4534824568730257 -0.5547049747983389
0.3028956363419160 0.8297983156968003 -0.4687099196216984
-0.4385833116765085 0.7204038940724308 -0.5372735877782794
-0.8052236738397027 0.1689433915839156 -0.5683950787332837
-0.8505454614455407 -0.3666581087039292 -0.3770069619198697
-0.3848542364272562 -0.8335433116623447 -0.3963492958073281
0.0077430108205768 -0.9455897025375041 -0.3252693656624723
0.4543450192554198 -0.8620782800888679 -0.2244808287511690
0.7308232693518347 -0.5820931534319059 -0.3564616524979865
0.9581411177022251 0.0968950919074475 -0.2694010759677440
0.7148145864961380 0.6978080147592464 -0.0458702678225735
0.0527455227328990 0.9672910553071168 -0.2481248156764606
-0.5172516964209787 0.8255868559325484 -0.2255150235816435
-0.8565658146062809 0.3457220318727397 -0.3831074025983611
-0.9844953815607517 -0.1720521300759719 -0.0341600383763081
-0.6804931199528614 -0.6331702049355410 -0.3688151369977995
-0.2290360437936816 -0.9734092502654876 0.0041136529897453
0.1733299991901163 -0.9825150127000667 0.0679776522082237
0.7624807058282111 -0.6465870786486078 0.0234162969824877
0.9884279066866712 -0.0133966586697676 0.1510986526064713
0.7552102957459034 0.5572215138436664 0.3451979051343708
0.1440577799748107 0.9587414049757292 0.2450760584265500
-0.2303265110528533 0.8622038385467244 -0.4511698561534380
-0.6699332607376670 0.5877350977281468 -0.4536043221309545
-0.9109176070871153 -0.0198091633803159 -0.4121124969530233
-0.8413042874566785 -0.5401035748924360 0.0222536355551483
-0.3957549465967190 -0.8349959678463640 0.3823084565171715
0.2232171218406346 -0.8556571394860599 0.4669314469638093
0.6767703156040629 -0.5930442154131301 0.4362115295154428
0.9384560469729367 -0.2915811736105393 -0.1851503904825206
0.8295924493359359 0.4525278723103536 -0.3271007379800098
0.4028345078846908 0.9091786729126051 -0.1054442979879572
-0.2387122597056528 0.9710574798217642 0.0079892395398483
-0.7960212245854389 0.6032213797497894 -0.0497410999301261
-0.9731968336901923 0.2275516535248238 -0.0332891554939872
-0.8739240694890643 -0.3264864217495203 0.3600879575615762
-0.5800870071210847 -0.8145250183594159 0.0069324336199905
-0.0664298589010403 -0.9123146125528964 0.4040657391673372
0.4915681284881248 -0.8338154081424536 0.2512222924004079
0.8895270351210490 -0.3598591254805518 0.2815014451066437
0.9314779613586639 0.3578502024992862 0.0655136632644461
0.4954099016667661 0.8121822468449548 0.3081055456177412
-0.1999500533436290 0.9004566233316447 0.3862613696269051
-0.5622966049570229 0.7861178009003215 0.2565956569419057
-0.8374716093742598 0.4359888391665061 0.3294769121111973
-0.9430058623449334 0.0399229277273154 0.3303726735442382
-0.6669345127319654 -0.6181769761751620 0.4159994974202603
-0.2031628710988001 -0.7797089007173337 0.5922658845054806
0.4472664291660244 -0.7051464425505192 0.5502010867850234
0.8692790583481097 -0.0884835231731807 0.4863379327630994
0.7045998043664325 0.4325187680963229 0.5625536693785085
0.3182975488811765 0.7795856353267949 0.5393819681527672
-0.1580447902164984 0.7840311633692754 0.6002640911725804
-0.6036184334104365 0.5992173479543430 0.5259119287083098
-0.8233285662994033 0.1560815544931148 0.5456817939627286
-0.7261938571460167 -0.3711499401280102 0.5786969878843030
-0.4328635454220018 -0.6794157661641266 0.5924722506010786
0.0271478017330441 -0.7781748953628742 0.6274606195515725
0.5737874149935179 -0.5070002865668144 0.6432096950577040
0.7296299513081091 -0.1609917202743925 0.6646215465640715
0.6816098105272046 0.2737764109053712 0.6785680091375084
0.3868743270604766 0.6060042886939072 0.6950446439949702
-0.0222636756206482 0.6979066582664578 0.7158425979886949
-0.4208622828249225 0.5807595769456564 0.6968452142917373
-0.6787225676771393 0.2300363306764392 0.6974374256481158
-0.6783042433382036 -0.1952056069649705 0.7083771061227377
-0.3960080919249161 -0.5119611461823506 0.7622816906692964
-0.0982698321681366 -0.6560127573827292 0.7483249977361137
0.3925978072047292 -0.5752478656122221 0.7176049434658468
0.7531295341133272 -0.3534606913166618 0.5548526331740620
0.8599682313183048 0.2294892074645291 0.4558391654745882
0.5443534637995096 0.6332078590346574 0.5502064282669020
0.0707783626587750 0.8354168814031336 0.5450404183599649
-0.3883263759072428 0.7410644982846297 0.5477463237274136
-0.7279665992991227 0.3845861572019834 0.5675897444400153
-0.8214385110679638 -0.1202690100707418 0.5574711990327845
-0.5617735095836468 -0.5243770300835137 0.6398744050599822
-0.2787087143247138 -0.6366092923464115 0.7190619315870270
0.2356201503887533 -0.7133427353235765 0.6600191563067387
0.6110116801676126 -0.3222278328969874 0.7230725761673320
0.7687854279035887 0.0825780398904780 0.6341528468523521
0.5452744608900998 0.4592688803540657 0.7012473585257445
0.1859826660400844 0.6918048204786351 0.6977223934310449
-0.2344422554658034 0.6504348162870520 0.7224758671497172
-0.5706736239153789 0.4356920566344160 0.6960632491038163
-0.7180523030185911 0.0177644267965456 0.6957623985746050
-0.5758422386394415 -0.3620547787080728 0.7330225463199376
-0.0321725527360701 -0.5152193559919445 0.8564542848638745
0.2324078236822071 -0.5736950889127556 0.7854047036074369
0.4744946140596696 -0.2696151512273794 0.8379513896742475
0.6597808007305321 -0.0176241099050469 0.7512514131350655
0.5218474543212482 0.2995602742139784 0.7987107589930655
0.2568106388103615 0.5408392252109852 0.8009626884362313
-0.1003751154696879 0.5596216183011040 0.8226472394194855
-0.4153219310496762 0.4287339906845709 0.8023059633461852
-0.5884241126358318 0.1096247640834178 0.8010864340184453
-0.5176600124004748 -0.2195581806818211 0.8269354973982125
-0.2017053315127185 -0.5220207309699718 0.8287395946115527
0.0749293867462042 -0.6319814881206898 0.7713526986240445
0.4529688847542598 -0.4197736068323711 0.7865172016246205
0.5729744624476032 -0.1580004862184404 0.8041990498238707
0.6080404131552348 0.1403657233245703 0.7813989503995905
0.3982783556511709 0.4334278435189767 0.8084025333225330
0.0748477055597485 0.5822614903263219 0.8095488730493123
-0.2655800766262423 0.5042380054103075 0.8217123929934573
-0.5354938719246847 0.2809976127409808 0.7964211541420653
-0.5883711338458110 -0.0707736547583992 0.8054877396019965
-0.4334630309793984 -0.3655996601576006 0.8236787536817980
0.1279094188716884 -0.4783878737821836 0.8687831851400374
0.3375372108801665 -0.2943815995592911 0.8940962504742715
0.4000874518790472 0.0100428108733090 0.9164219403739164
0.4681785718337990 0.1464861523578679 0.8714072710524350
0.2650936909798404 0.3740116098238033 0.8887297962371308
0.0027339641162956 0.4437861644577810 0.8961285430539874
-0.2732839970526514 0.3524739194626425 0.8950296045682338
-0.4429291076244317 0.1512063994692651 0.8837139980664365
-0.4219085555764199 -0.1116519369618903 0.8997371925757416
-0.2819311652884988 -0.3957200850720612 0.8740254185718113
0.0342164732453723 -0.3696032477086229 0.9285594608003772
0.2965619185767234 -0.4394084669721020 0.8479217107748332
0.4045531251305265 -0.1405425541772473 0.9036506843977158
0.5241931594005002 -0.0125263476823058 0.8515072649434435
0.3750622026880938 0.2708190434105180 0.8865581705906090
0.1466358324066103 0.4585187647900483 0.8765035510423382
-0.1386276578790714 0.4093317001469129 0.9017926212416028
-0.3969766554099966 0.2883061330367465 0.8713719692031013
-0.4783116377482953 0.0138268050601715 0.8780813155148968
-0.3570056425426652 -0.2530958704144585 0.8991604148158694
-0.1212114650163163 -0.3914753372928350 0.9121704013176811
0.1886428249975976 -0.3355126512324278 0.9229545738766958
0.2476254613250727 -0.1858276178753348 0.9508678811161535
0.3212388545510410 0.1241594985207579 0.9388237413134636
0.2256572538142376 0.2292437784276749 0.9468506185524832
0.1145085142275491 0.3265905192077423 0.9382038333608622
-0.0266066747267598 0.2975325364203363 0.9543408587246307
-0.3005065788391763 0.1885065688224064 0.9349658119873567
-0.3377297671433579 0.0326634445136729 0.9406761949671074
-0.2847528302170494 -0.1309700131734530 0.9496118582519522
-0.2055954306538286 -0.2660780951059897 0.9417711856916384
-0.0513034031223190 -0.2546469352020792 0.9656722524854160
0.0980655822579216 -0.2245191283793645 0.9695227189541178
0.2794910915223467 -0.0404510590633425 0.9592958050467547
0.1882661804280486 0.0757381998771395 0.9791933263592046
0.0850269534400616 0.1847048528211354 0.9791090513998041
-0.0527611626681019 0.1512454989942366 0.9870871586379262
-0.1645987580162644 0.2566465257331738 0.9523863762615437
-0.1902177045603912 0.1110076217532918 0.9754458123260634
-0.2126048279119530 -0.0209222223923758 0.9769142479044376
-0.1347232018513564 -0.1381538835259092 0.9812049548130239
0.0060197283118825 -0.1112397870980924 0.9937753632674852
0.1439582840611524 -0.0770294914100327 0.9865812028937507
0.0524801143765887 0.0382880512395374 0.9978877004589739
-0.0803225852730369 0.0057988494050680 0.9967520532412427
