88 11 46
30 65 49
0 24 42
29 48 3
7 15 1
46 11 55
2 56 42
19 84 18
24 16 42
42 44 0
30 75 7
16 24 57
14 22 79
60 39 26
50 12 93
26 6 65
5 81 72
93 36 67
74 23 46
16 57 65
70 88 46
28 87 47
21 4 13
7 75 15
19 18 55
73 9 23
36 8 92
3 48 0
82 13 48
13 82 21
82 14 21
35 31 69
61 62 15
6 2 16
16 2 42
92 37 25
34 84 19
18 84 78
73 23 52
11 88 89
19 11 39
15 62 1
38 1 63
14 5 21
86 49 4
29 85 64
70 56 2
52 74 80
48 24 0
57 13 4
25 37 54
38 60 1
26 39 89
4 21 72
47 31 61
65 6 16
53 59 85
45 76 22
75 86 41
7 26 30
63 95 20
47 87 27
60 34 39
34 20 84
35 69 95
8 36 12
92 51 67
73 8 12
40 54 37
1 62 63
20 34 38
26 7 60
19 39 34
54 40 77
47 41 28
35 61 31
88 70 2
42 50 44
5 14 79
5 79 43
67 51 59
3 0 44
45 64 76
14 45 22
11 19 55
70 9 56
28 81 87
27 31 47
82 29 45
24 48 13
4 72 86
75 30 49
9 12 50
93 12 36
25 10 51
58 40 37
52 58 73
67 53 93
3 44 53
80 40 52
78 80 18
23 74 52
9 50 56
42 56 50
13 57 24
4 49 57
40 58 52
37 8 58
66 64 85
85 3 53
1 60 7
34 60 38
15 41 61
47 61 41
61 35 62
63 20 38
62 35 63
63 35 95
29 64 45
66 59 51
49 65 57
26 65 30
51 10 66
76 64 83
53 67 59
67 36 92
17 90 77
46 23 70
9 70 23
21 5 72
81 5 43
8 73 58
12 9 73
46 55 74
80 55 18
75 49 86
15 75 41
66 83 64
83 66 10
95 17 20
17 77 78
77 40 78
80 74 55
78 40 80
28 72 81
29 82 48
45 14 82
20 17 84
78 84 17
3 85 29
66 85 59
72 28 86
86 28 41
43 87 81
2 6 88
89 39 11
88 6 89
26 89 6
37 92 8
92 25 51
53 44 93
50 93 44
90 17 95
10 25 54
27 91 69
68 79 33
91 32 68
27 32 91
68 33 71
68 71 91
69 31 27
87 32 27
43 68 32
76 83 33
94 77 90
95 69 90
54 94 10
94 90 91
33 22 76
33 79 22
68 43 79
87 43 32
10 71 83
33 83 71
94 91 71
90 69 91
10 94 71
77 94 54
