0.1158995469343102 -0.9921975682264953 0.0459486738203701
-0.4304455647281273 -0.6680859607473388 0.6069413191225234
-0.1926992045722832 -0.9276778422733575 0.3198137544138101
-0.1088639200476805 -0.9887736712210726 0.1023487860790470
-0.0806176941594773 -0.8611593759083788 0.5019017002098126
-0.2603539523747974 -0.5523487910683936 0.7919132733374947
-0.4960757145019773 0.2180445069790260 -0.8404555184289209
0.6910500086491698 -0.5352577690989776 0.4857458246502669
0.2740471588340101 -0.8900176298340510 0.3643717515389811
-0.1735092189703703 -0.7213996987207189 0.6704304778408782
0.4257241094599396 -0.3078217322022852 0.8508846947786320
0.1128676229973452 -0.8651129537410019 0.4887130824404520
-0.0218894264499681 -0.5720573629607284 0.8199214758085732
0.4276817984243247 -0.6280565566021208 0.6501024850018822
0.6080894035125731 -0.7865197569988219 0.1077680341578012
-0.2946578060687079 -0.8160187286049289 0.4972828288698204
0.3045961294492995 -0.9255279778223786 -0.2249870222757840
-0.3355089620453342 -0.9312414485178301 0.1422079496711641
0.7826717685433732 0.4653266330816316 -0.4133957272034884
-0.0307866666095107 -0.3002380720824550 0.9533673380346557
0.2151960034260710 -0.5729821711696267 0.7908110467306252
0.2765962207764444 -0.7608244916001408 0.5870610050357422
0.0571637761573423 -0.9579962481640610 0.2810257838686980
-0.2815274255065949 0.8987836742122731 0.3360509122991859
-0.4584452375270644 -0.8166277929570999 0.3506380070083241
-0.5073657096011065 -0.3568410832131623 0.7843752150930209
0.3296199636527001 -0.9302060758490105 0.1614538200699432
-0.7105251504615062 -0.5695642196544821 0.4132198086382534
-0.1758530355356905 -0.9633889631650699 -0.2023793851769854
-0.5915525154687257 -0.8060700007568140 0.0177981831244901
0.0619580009495350 -0.7348884768995441 0.6753518583957591
0.4657240319134476 -0.7852622240310787 0.4080004480488299
