-0.7244376914858913 -0.1736138915888860 -0.6671193654826362
-0.4585431595782837 -0.7552329427175282 0.4683603025857202
-0.8498197742216509 0.4205080152398560 0.3177724979618268
0.4414138885922276 -0.6672222203663785 0.5999735724240263
-0.2987822515089565 -0.9362629235724641 0.1847725740654736
0.4069363790376659 -0.2618044379446433 -0.8751349722689652
0.3806463135657590 -0.8864218973473906 0.2633716079455987
0.9723468167903022 0.2328277027521381 -0.0182463341230052
0.2044110131787306 0.6394165940394845 0.7411899601034744
0.1739702031365663 -0.8078082292371931 0.5631875648461109
-0.0089251599393013 0.8685633704066389 -0.4954977427879138
0.0683716503910880 -0.9972564493299425 0.0283706131875000
-0.1509058328611099 -0.8102948313245791 0.5662594069303986
0.0179520680498589 -0.9458595831862157 0.3240792683087451
-0.2604670204324932 -0.5800613054568768 0.7718068496577905
0.1098172545546560 -0.5747611767119714 0.8109190837233686
