6 5 14
16 26 36
7 5 6
62 43 54
18 0 9
18 17 8
36 47 46
6 8 17
46 35 24
39 50 49
1 10 19
14 5 16
7 26 5
24 34 15
16 15 14
38 37 27
29 28 18
6 17 7
9 1 19
10 20 19
53 42 32
31 21 41
20 10 31
45 24 35
11 22 21
12 23 22
15 16 25
33 32 22
15 25 24
26 16 5
27 7 17
60 61 59
7 27 26
28 17 18
17 28 27
29 18 9
9 19 29
40 19 20
31 30 20
41 30 31
10 11 31
11 21 31
21 22 32
33 22 23
33 23 34
35 55 45
46 47 57
25 46 24
16 36 25
37 26 27
26 37 36
38 27 28
39 28 29
52 51 42
28 39 38
30 40 20
39 29 40
19 40 29
32 42 21
60 50 51
21 42 41
54 43 44
32 33 43
33 44 43
33 34 45
57 55 35
33 45 44
34 24 45
25 36 46
47 36 37
48 37 38
61 62 63
37 48 47
49 38 39
38 49 48
50 39 40
40 30 50
30 41 51
30 51 50
41 42 51
63 62 54
52 61 60
42 53 52
32 43 53
57 56 55
59 63 58
54 44 55
45 55 44
56 57 58
54 55 56
46 57 35
58 57 47
47 48 58
48 49 59
48 59 58
60 59 49
50 60 49
51 52 60
52 53 61
63 54 56
61 53 62
43 62 53
58 63 56
59 61 63
34 13 3
2 4 3
0 2 1
11 12 22
0 4 2
3 4 14
6 14 4
0 8 4
0 18 8
4 8 6
9 0 1
2 11 1
1 11 10
12 11 2
3 13 2
2 13 12
15 34 3
3 14 15
23 12 13
34 23 13
