30 20 31
44 34 35
42 41 31
31 32 42
45 46 47
29 18 19
38 28 39
46 39 40
37 46 45
47 43 44
19 30 29
21 31 20
22 32 21
32 22 33
21 32 31
23 33 22
24 34 23
34 24 35
23 34 33
25 35 24
26 36 25
26 37 36
25 36 35
27 37 26
38 27 28
34 44 43
27 38 37
39 28 18
18 29 39
29 30 41
40 39 29
42 47 41
29 41 40
30 31 41
43 32 33
35 36 45
32 43 42
33 34 43
45 36 37
44 45 47
45 44 35
46 37 38
39 46 38
47 46 40
41 47 40
43 47 42
0 6 5
14 13 4
2 0 3
11 3 12
18 8 19
7 8 18
1 0 2
24 13 14
2 10 9
3 0 4
5 4 0
1 6 0
1 2 9
17 6 7
1 7 6
16 15 5
8 7 1
20 9 10
1 9 8
2 3 11
21 10 11
2 11 10
3 4 13
23 22 12
11 22 21
3 13 12
14 4 5
5 6 16
14 25 24
14 5 15
17 7 28
15 26 25
6 17 16
28 7 18
19 8 9
19 9 20
10 21 20
22 11 12
23 12 13
13 24 23
25 14 15
26 15 16
27 16 17
26 16 27
17 28 27
30 19 20
