6 0 7
18 0 8
20 30 10
17 6 7
73 62 31
19 8 9
28 47 27
26 35 25
27 17 28
25 15 16
5 16 15
0 18 7
16 5 17
6 17 5
61 72 82
49 30 29
38 18 39
29 30 20
42 52 31
15 25 24
27 16 17
38 58 37
26 25 16
40 21 41
16 27 26
7 28 17
18 37 7
38 37 18
21 40 20
41 72 51
19 9 30
96 76 86
42 31 41
24 34 44
45 24 25
45 25 35
26 27 36
56 86 76
46 26 36
7 37 28
37 47 28
8 39 18
49 59 19
38 39 48
8 19 39
70 29 60
82 31 62
20 40 29
42 32 52
21 42 41
44 34 54
55 45 35
34 24 45
26 46 35
47 57 36
47 36 27
101 80 91
59 49 70
89 68 58
30 49 19
60 50 80
51 60 40
77 67 88
60 51 50
40 41 51
74 44 54
66 35 46
52 32 53
74 64 63
64 74 54
34 55 65
45 55 34
57 67 36
61 50 51
56 66 77
68 37 58
38 48 58
91 71 81
48 39 59
19 59 39
70 60 80
29 40 60
62 92 82
80 90 69
73 31 52
127 120 122
52 53 63
74 53 33
54 65 96
71 92 102
34 65 54
76 55 66
35 66 55
77 46 67
36 67 46
98 88 78
57 47 68
37 68 47
48 69 79
59 69 48
59 70 69
29 70 49
93 73 83
112 111 101
51 72 61
41 31 72
63 94 52
64 75 85
53 74 63
44 74 33
126 127 122
64 54 75
55 76 65
66 56 76
46 77 66
88 57 78
68 78 57
104 84 105
68 89 78
48 79 58
70 80 69
61 71 91
113 92 93
112 81 102
61 82 71
31 82 72
94 84 104
85 95 64
94 83 73
63 64 84
87 97 56
56 97 86
96 106 75
86 97 107
77 87 56
127 126 125
77 88 87
57 88 67
58 79 89
100 99 89
110 109 99
69 90 79
80 50 91
61 91 50
82 92 71
62 93 92
73 93 62
105 114 104
52 94 73
63 84 94
64 95 84
107 118 116
54 96 75
76 96 65
98 87 88
86 107 106
98 108 87
99 78 89
78 99 98
100 89 79
79 90 100
90 101 111
80 101 90
91 81 101
102 81 71
93 83 103
126 124 114
105 84 95
103 83 104
94 104 83
115 95 85
115 116 117
75 106 85
96 86 106
87 108 97
106 107 116
108 118 97
109 98 99
98 109 108
110 99 100
112 101 81
121 112 123
110 100 111
90 111 100
121 123 122
111 112 121
92 113 102
93 103 113
104 114 103
115 117 125
95 115 105
85 116 115
106 116 85
116 118 117
119 118 108
113 124 123
97 118 107
119 108 109
120 109 110
117 118 119
109 120 119
110 121 120
111 121 110
102 123 112
125 117 127
120 121 122
102 113 123
124 113 103
114 124 103
122 123 124
114 105 125
115 125 105
124 126 122
114 125 126
117 119 127
120 127 119
6 14 4
10 2 11
2 3 11
0 4 1
1 9 8
3 2 1
20 10 21
1 4 3
6 4 0
14 6 5
3 13 11
0 1 8
9 1 2
2 10 9
3 4 14
23 33 43
12 13 23
22 11 12
13 12 11
15 13 14
15 14 5
13 3 14
11 21 10
22 42 11
42 22 32
43 12 23
24 13 15
43 22 12
13 44 23
24 44 13
10 30 9
23 44 33
21 11 42
53 43 33
32 22 43
32 43 53
