0.1510765148001385 -0.9823403654904508 -0.1103779552443832
0.4120641340270186 -0.9104699491146785 -0.0353216818353551
0.2592430454688186 -0.3255291139602384 -0.9092985424712360
-0.7178043056074117 -0.3521890815152615 -0.6005995585353837
-0.1595085475523730 -0.9697259495567078 -0.1849016117130237
-0.3388175402563966 -0.9282912705346584 0.1532252964224728
-0.2131539412907316 -0.9766067335218604 0.0283669764336847
-0.1934554846884989 -0.9629448847301473 0.1879152053879120
-0.0267438719298885 -0.9996240719297498 -0.0060398785405023
0.2528593046635262 -0.9645318726543141 0.0757656827266811
0.5722640380903939 -0.8041335037843834 0.1608824999803487
0.9658708640336721 -0.1932703488521156 -0.1724530262576722
0.5705864326803649 0.6096586480837541 -0.5502249137014651
-0.3912180772460201 0.5116491254163573 -0.7649598607094386
-0.4471461733202309 -0.8944598941779218 0.0013406685999190
-0.6178352595947130 -0.7551125146713067 0.2192821976091751
-0.4370605426374831 -0.8600864902904081 0.2631146352625724
-0.0540357541163526 -0.9869248394365367 0.1518535431929174
0.1014675816484786 -0.9889500836326185 0.1080835878264882
0.3756730461481309 -0.9070019279653911 0.1903083420789744
0.4612352560622360 -0.8265431423042047 0.3226274515212474
0.5881804429849188 -0.5062649844649528 0.6306659432653439
0.6997954462822468 0.5273184029980366 0.4818938007717378
-0.1429379306066471 0.9882017697512161 0.0550091833647243
-0.6009587631451360 -0.6201591632406562 0.5042332567847119
-0.4975660683506409 -0.7682341840603677 0.4027955387875920
-0.2747897138242601 -0.9109062200292490 0.3077994013775964
-0.1048632469271117 -0.9463008889464232 0.3058076634473258
0.0540362496412084 -0.9615291355714427 0.2693358594245245
0.2118546308720868 -0.9480129090279725 0.2374639755718184
0.4057393278878627 -0.7877600173759747 0.4634757305716335
0.5962176361318782 -0.6936148299995322 0.4042561044313805
0.3585868682061846 -0.3935325953709002 0.8464913197019351
-0.2232258546368056 0.4651478471212094 0.8566257631779304
-0.9436513991334470 0.3014516110029145 0.1365612065604118
-0.4394045360050332 -0.6188616392127427 0.6511020851211571
-0.3456074650755101 -0.8383882502850096 0.4214980686410320
-0.1794184997538647 -0.8847135764294148 0.4302219074240018
-0.0086866848914514 -0.9098101136011022 0.4149338485767898
0.1523309877150769 -0.9095621787203042 0.3866418410148109
0.3094444396609132 -0.8833392917120971 0.3520736208245570
0.4729049476757409 -0.6741858274102822 0.5673044866585474
0.3894085127089538 -0.5826465494439648 0.7133610647146662
0.0670133212514758 -0.3784932662385345 0.9231749900137743
-0.2281336271758772 -0.3684961735442309 0.9012023181477276
-0.5059243974198444 -0.4377561728267168 0.7432429194062148
-0.4078616673063818 -0.7372029672981044 0.5386841795977753
-0.2482503276624176 -0.8007017194804288 0.5452050359604055
-0.0791917663121846 -0.8384801453258712 0.5391472062829058
0.0860293800378888 -0.8486673485077302 0.5218837776240561
0.2486153767711581 -0.8331854410382306 0.4939558839358678
0.3282892002248511 -0.7314290296718944 0.5976937138442721
0.2529909129270463 -0.6580405259812591 0.7092096052244693
0.2149233828647124 -0.5361808130758677 0.8162830852022414
-0.1132610774420322 -0.5209048621088327 0.8460674045063125
-0.3097202386159304 -0.5453439432741314 0.7788923913647584
-0.1861791808976909 -0.6348534319697879 0.7498656096371180
-0.2955861473614066 -0.6935376919438525 0.6569888121887881
-0.1400226755279702 -0.7470175999568104 0.6498910337070020
0.0179429663135602 -0.7650110844456879 0.6437671090037942
0.1736091110298547 -0.7648133487388703 0.6204195501096487
0.1097404582244757 -0.6665929536085300 0.7372997124834231
0.0495884172786107 -0.5505207317225485 0.8333474142369868
-0.0414464791721522 -0.6588664085071095 0.7511173311175658
