-0.0281633110097642 0.0813447158629974 -0.9962880432455944
0.2982568716695088 -0.1602452819460600 -0.9409379831401993
0.3403029200187832 0.2785800196496445 -0.8981019403601650
-0.0598091034189680 0.4784814404539836 -0.8760584354307082
-0.4342854442368047 0.2361922518713115 -0.8692579439268877
-0.3558467681020142 -0.1326230465174975 -0.9250860528425282
-0.4572730708219830 -0.4671531843091195 -0.7567491269178204
-0.0507403643215358 -0.3844617534317568 -0.9217453962872270
0.2503340577645771 -0.6072277519527615 -0.7540605524634723
0.5631907035216490 -0.3696973399504889 -0.7390129283715697
0.6524493820089219 0.0307611282651474 -0.7572077369546822
0.2970391448777912 0.6476490057043458 -0.7016541254923561
-0.1097990970050676 0.7973550086566319 -0.5934384116882342
-0.4406724096649998 0.5809397446023523 -0.6843367887972970
-0.7634342718109662 0.2579069943741057 -0.5921588426067577
-0.7000607764997775 -0.1183525022373693 -0.7042070678576594
-0.4903978858447991 -0.7290822120570931 -0.4774400921800424
-0.1291135011562213 -0.7325465924384755 -0.6683600778966085
0.5615820137277731 -0.6812155369294421 -0.4696499058909637
0.8307723596822335 -0.2911602083440692 -0.4743869933556903
0.8924342804375200 0.1251748942886304 -0.4334654553015685
0.6543949944083117 0.4384930467403576 -0.6160284402961475
0.1921007680804292 0.8988440862671974 -0.3939246165009192
-0.4160942146586447 0.8483585579587063 -0.3273428808846010
-0.7073968633261059 0.5879558828054342 -0.3922977920290521
-0.9375352266627301 -0.0594845074625512 -0.3427671106427815
-0.7810530396000996 -0.4408551281475319 -0.4422701723126583
-0.2247051377683311 -0.9329076325016183 -0.2814088667415094
0.1777182754199710 -0.8900812790197072 -0.4197279253521184
0.8036200724909013 -0.5731884155394822 -0.1601556098956773
0.9760936275528475 -0.1917759387377966 -0.1022898801053158
0.8294041541044633 0.5133461389322426 -0.2203735256277813
0.5474106871007816 0.7646201336503591 -0.3401434857003103
-0.0861814081663523 0.9883699778896819 -0.1252898706712326
-0.7166310251588675 0.6972496287493175 -0.0168204931167179
-0.9266394370627384 0.3307782334612422 -0.1786760027208782
-0.9218980325749913 -0.3846795913738571 -0.0461045498275691
-0.6598142758410851 -0.7391183696588486 -0.1354590603435227
0.0649574549974437 -0.9978450152944722 0.0092657699210356
0.4564705784503538 -0.8826923956889634 -0.1117530563433403
0.8840957001462119 -0.3954576697311610 0.2489739432827847
0.9793071610499913 0.1963801964430077 -0.0489111721512813
0.6400647291633035 0.7636102989500029 0.0849497134697603
0.2836922709469601 0.9588862881692278 -0.0074687191671015
-0.3970029249173195 0.9140091553003012 0.0835221026694314
-0.8711103831274183 0.4322943969576257 0.2329984007813042
-0.9965890565004034 0.0186103520638267 0.0803984282165785
-0.7331916729759521 -0.6364134728968380 0.2395993785344823
-0.3680371746050795 -0.9243200167493895 0.1009016587827900
0.3374519766647714 -0.8830321510893926 0.3261600582344176
0.6687887791673109 -0.7211108153096994 0.1808888081205642
0.9532176089881936 0.0168674529641976 0.3018139806989260
0.8598411294465529 0.4543419487976356 0.2329090502209887
0.3194370850365936 0.8782809040261935 0.3557844885970388
-0.0895643814234203 0.9353422999699375 0.3422177719920277
-0.5533949884899065 0.7384819271302124 0.3852251679424694
-0.8755699755708859 0.1073697486299972 0.4710084446779370
-0.8842435115320442 -0.2706343582424967 0.3806185182727605
-0.4416517594368636 -0.7690612076697663 0.4620482466624490
-0.0583219227296463 -0.9081434916012232 0.4145768348466374
0.5965063991324727 -0.5860459787119283 0.5483887550174504
0.7719056513386096 -0.2041538003961727 0.6020655206996300
0.7668812583806662 0.2580040585908779 0.5876453363170007
0.5833239564535748 0.6297100537475129 0.5130286639522711
0.1495199480496236 0.7233815071291563 0.6740645223409910
-0.2702088625667937 0.6906868913986836 0.6707747674446189
-0.6690763061250828 0.4275632880685265 0.6078869395521217
-0.6434005222286506 -0.0246876787114402 0.7651315485037461
-0.6330892022244478 -0.4498906947085540 0.6299177921296294
-0.1976083592608120 -0.6459578831635870 0.7373529341699723
0.2111537159030932 -0.6897626814714493 0.6925615867990599
0.4242923148786165 -0.3415697110581420 0.8386335099568837
0.5546083801372963 0.0379711482820974 0.8312446911587605
0.4016228221547758 0.4122087807167066 0.8177915564644083
-0.0096864651379070 0.4125583282769648 0.9108796836917861
-0.4062371292051499 0.3285610422292146 0.8526541129815833
-0.2091756379962637 0.0210379300642078 0.9776517570011674
-0.3696938397899803 -0.3119119973121126 0.8752356087100828
0.0360883370727269 -0.3523581064266497 0.9351691808238501
0.1957712607517456 0.0407072788364764 0.9798043329733755
