133 83 113
93 83 103
155 186 165
112 133 143
134 83 104
123 143 113
164 174 154
131 172 161
173 123 153
134 113 83
142 122 152
113 134 144
135 124 114
245 254 253
83 133 103
114 124 134
113 144 123
223 212 192
143 173 122
112 143 122
113 143 133
134 124 144
155 175 145
135 145 124
172 162 182
174 184 153
162 172 152
153 163 173
174 123 144
124 154 144
165 175 155
176 155 145
182 161 172
183 173 163
194 163 184
123 174 153
185 175 165
235 234 225
185 165 206
176 166 186
212 202 192
192 202 182
152 172 142
122 173 152
123 173 143
154 174 144
184 174 164
154 124 175
145 175 124
166 176 156
162 183 193
215 225 205
162 152 183
173 183 152
205 194 184
163 153 184
164 154 185
175 185 154
176 186 155
197 166 187
156 187 166
236 246 235
162 193 203
223 224 213
214 224 204
163 204 183
195 205 164
164 185 195
186 196 165
196 186 207
227 207 217
207 166 197
197 228 217
182 202 161
192 182 203
162 203 182
183 204 193
163 194 204
164 205 184
234 214 225
185 206 195
165 196 206
166 207 186
223 203 224
235 225 215
195 215 205
214 213 224
204 194 214
216 226 206
216 206 196
215 195 226
197 217 207
246 236 237
223 213 244
202 212 222
203 223 192
203 193 224
224 193 204
214 194 225
205 225 194
206 226 195
226 216 236
216 196 227
207 227 196
233 212 223
215 226 236
213 234 244
234 213 214
248 227 217
236 216 237
236 235 215
227 237 216
246 247 254
254 245 246
223 244 233
245 234 235
244 245 253
245 244 234
245 235 246
237 248 247
237 247 246
249 247 248
227 248 237
217 238 248
243 233 253
233 244 253
252 253 254
247 255 254
2 11 1
8 9 19
0 2 1
19 39 18
61 30 41
8 0 1
8 18 7
17 6 7
7 6 0
0 8 7
1 9 8
10 9 1
47 57 27
10 11 21
11 10 1
60 49 29
37 17 27
18 38 7
19 18 8
20 9 10
40 9 20
41 10 21
22 42 21
22 21 11
31 62 51
38 18 28
19 29 39
58 28 48
38 27 17
9 40 19
19 40 29
28 18 39
31 41 21
30 20 41
21 42 31
112 82 133
57 37 27
38 17 7
58 38 28
39 49 59
20 30 40
40 30 50
41 20 10
41 31 51
31 42 62
28 39 59
58 68 47
58 47 27
49 39 29
40 50 60
28 59 48
29 40 60
41 51 61
62 42 52
50 30 61
47 78 88
58 27 38
68 58 48
49 60 70
78 68 99
70 90 49
91 60 50
51 62 72
100 110 109
71 92 102
92 51 72
102 81 71
47 68 78
69 48 59
79 89 69
90 59 49
71 50 61
100 69 90
81 91 71
92 72 82
62 52 93
47 88 57
69 89 48
68 89 99
59 90 69
60 91 70
101 70 91
92 82 102
82 72 103
103 72 93
98 88 78
89 79 99
68 48 89
70 80 90
90 80 100
71 91 50
70 101 80
71 61 92
51 92 61
62 93 72
78 99 108
79 100 109
100 79 69
111 80 101
91 81 101
101 81 111
142 132 122
121 141 110
98 78 108
109 99 79
109 119 108
109 108 99
110 100 80
102 112 132
141 130 120
110 80 111
122 132 112
102 82 112
82 103 133
120 109 110
109 120 119
110 111 121
131 121 142
132 121 111
141 131 151
111 81 132
132 81 102
110 141 120
131 141 121
132 142 121
151 131 161
131 142 172
3 2 4
4 6 5
2 3 12
2 0 4
14 3 4
4 5 14
0 6 4
5 16 15
36 25 15
12 11 2
23 3 13
12 3 23
14 13 3
14 24 13
16 5 6
15 35 14
32 53 63
14 5 15
37 26 36
17 16 6
22 11 12
22 32 42
32 43 33
23 43 12
24 34 13
64 33 44
63 52 32
14 35 24
36 15 16
54 34 65
87 76 56
34 44 13
22 43 32
13 44 23
45 24 35
24 45 34
15 25 35
25 66 35
37 36 16
46 36 26
17 37 16
32 52 42
12 43 22
23 33 43
44 34 54
33 23 44
25 46 56
25 56 66
36 46 25
53 32 33
64 44 54
45 55 65
45 65 34
74 53 64
96 106 116
104 73 94
66 55 45
26 67 46
26 57 67
57 26 37
52 63 73
53 33 64
94 74 84
95 54 85
105 95 85
75 65 55
66 45 35
86 66 56
46 67 87
93 52 73
53 74 94
85 65 75
95 64 54
86 56 76
75 55 96
86 55 66
56 46 87
137 127 117
88 77 67
73 63 94
96 116 126
73 104 83
64 95 74
65 85 54
86 76 106
55 86 96
67 77 87
97 87 77
57 88 67
73 83 93
94 63 53
94 84 104
105 85 75
84 74 95
76 97 127
106 96 86
87 97 76
88 98 77
125 84 95
104 114 134
125 95 105
127 107 117
116 127 137
77 107 97
104 84 114
96 126 75
114 125 135
84 125 114
105 126 115
127 116 106
115 146 135
105 115 125
125 115 135
75 126 105
136 126 116
76 127 106
107 127 97
115 126 136
115 136 146
146 136 147
116 137 136
147 156 146
135 146 145
147 136 137
147 137 148
176 146 156
146 176 145
156 147 177
98 118 77
118 98 108
138 117 128
139 129 149
108 119 139
128 117 107
107 118 128
118 107 77
157 167 177
128 139 149
119 129 139
120 130 140
119 140 129
148 157 147
148 117 138
181 201 160
129 150 159
128 118 139
108 139 118
120 140 119
140 130 160
117 148 137
189 169 210
128 149 138
150 129 140
130 141 151
181 151 171
188 167 157
158 138 149
171 202 222
168 178 158
159 179 149
129 159 149
160 170 150
160 150 140
151 161 171
230 219 199
187 167 208
178 188 157
187 156 177
148 178 157
159 169 179
150 180 159
158 179 189
169 159 180
181 191 201
157 177 147
148 138 178
158 178 138
238 218 239
149 179 158
150 170 180
200 170 190
160 130 181
151 181 130
177 167 187
178 168 188
158 189 168
179 169 189
180 170 200
191 222 211
201 190 170
181 171 191
167 188 198
197 208 228
198 208 167
168 209 188
199 168 189
199 210 230
180 200 169
198 229 218
189 210 199
201 191 211
170 160 201
171 161 202
197 187 208
188 209 198
168 199 209
200 220 169
190 211 221
201 211 190
222 212 232
198 218 208
209 199 219
209 229 198
210 169 220
242 251 241
220 230 210
190 231 200
232 211 222
232 221 211
171 222 191
233 232 212
208 218 228
238 228 218
209 219 229
229 219 239
241 220 231
252 255 251
200 231 220
190 221 231
233 243 232
217 228 238
249 248 238
239 218 229
230 240 219
230 241 240
219 240 239
241 230 220
221 242 231
242 221 243
231 242 241
243 221 232
243 253 252
249 250 255
250 240 251
238 239 249
250 239 240
239 250 249
251 240 241
243 252 242
242 252 251
249 255 247
251 255 250
252 254 255
